L_V1_ROI
1 63 5 255 255
L_MST_ROI
2 54 103 129 255
L_V6_ROI
3 62 78 178 255
L_V2_ROI
4 23 50 233 255
L_V3_ROI
5 15 40 226 255
L_V4_ROI
6 14 28 214 255
L_V8_ROI
7 26 47 201 255
L_V3A_ROI
13 7 57 246 255
L_V7_ROI
16 18 70 195 255
L_IPS1_ROI
17 57 114 160 255
L_FFC_ROI
18 57 89 117 255
L_V3B_ROI
19 25 47 206 255
L_LO1_ROI
20 0 49 184 255
L_LO2_ROI
21 18 33 181 255
L_PIT_ROI
22 34 43 171 255
L_MT_ROI
23 31 86 104 255
L_LIPv_ROI
48 63 113 158 255
L_VIP_ROI
49 50 129 137 255
L_DVT_ROI
142 120 112 190 255
L_V6A_ROI
152 41 89 166 255
L_VMV1_ROI
153 62 61 155 255
L_VMV3_ROI
154 49 53 159 255
L_V4t_ROI
156 14 79 128 255
L_V3CD_ROI
158 15 46 182 255
L_LO3_ROI
159 54 94 160 255
L_VMV2_ROI
160 67 62 161 255
L_VVC_ROI
163 53 61 124 255
R_V1_ROI
181 62 0 255 255
R_MST_ROI
182 50 112 128 255
R_V6_ROI
183 67 90 180 255
R_V2_ROI
184 27 56 234 255
R_V3_ROI
185 19 44 232 255
R_V4_ROI
186 17 47 220 255
R_V8_ROI
187 23 68 210 255
R_V3A_ROI
193 19 72 247 255
R_V7_ROI
196 28 96 192 255
R_IPS1_ROI
197 63 141 175 255
R_FFC_ROI
198 52 108 122 255
R_V3B_ROI
199 40 80 222 255
R_LO1_ROI
200 13 67 200 255
R_LO2_ROI
201 19 66 182 255
R_PIT_ROI
202 37 74 184 255
R_MT_ROI
203 31 99 108 255
R_LIPv_ROI
228 61 129 171 255
R_VIP_ROI
229 54 137 147 255
R_DVT_ROI
322 125 137 203 255
R_V6A_ROI
332 50 100 170 255
R_VMV1_ROI
333 51 76 166 255
R_VMV3_ROI
334 42 69 171 255
R_V4t_ROI
336 13 105 128 255
R_V3CD_ROI
338 22 73 204 255
R_LO3_ROI
339 56 109 170 255
R_VMV2_ROI
340 59 76 173 255
R_VVC_ROI
343 53 80 135 255
