 -0.108574   0.234310   0.141140   0.020054   0.000000   0.064973   0.000000   0.000000   0.000000   0.000000   0.000000   0.000000 
  0.020127   0.131421   0.162512   0.082735   0.044290   0.053973   0.128701  -0.102889   0.021372   0.062681   0.044290  -0.011000 
 -0.008001   0.084049   0.309322   0.128916   0.000000   0.040394  -0.028128  -0.047372   0.146810   0.046181  -0.044290  -0.013579 
 -0.194290   0.113793   0.388057   0.154126  -0.031685   0.071391  -0.186289   0.029744   0.078735   0.025210  -0.031685   0.030997 
 -0.194352   0.126507   0.370967   0.096085  -0.049446   0.029278  -0.000062   0.012714  -0.017090  -0.058041  -0.017761  -0.042113 
 -0.165065   0.277513   0.143246   0.023892   0.056608   0.052139   0.029287   0.151006  -0.227721  -0.072193   0.106054   0.022861 
 -0.018537   0.240677   0.130047   0.034377   0.075401   0.037586   0.146528  -0.036836  -0.013199   0.010485   0.018793  -0.014553 
  0.296507   0.074195   0.158534   0.112185   0.114362   0.000000   0.315044  -0.166482   0.028487   0.077808   0.038961  -0.037586 
  0.258973  -0.036066   0.241882   0.112930   0.067036  -0.071677  -0.037534  -0.110261   0.083348   0.000745  -0.047326  -0.071677 
  0.225035  -0.085607   0.262631   0.107430   0.042628  -0.101700  -0.033938  -0.049541   0.020749  -0.005500  -0.024408  -0.030023 
 -0.030633   0.137075   0.247842   0.031513   0.000000  -0.031054  -0.255668   0.222682  -0.014789  -0.075917  -0.042628   0.070646 
  0.109442   0.112212   0.115963   0.000000   0.052483  -0.068755   0.140075  -0.024863  -0.131879  -0.031513   0.052483  -0.037701 
  0.236464   0.070462   0.134299   0.069958   0.097288  -0.043602   0.127022  -0.041750   0.018336   0.069958   0.044805   0.025153 
  0.156959  -0.017310   0.298398   0.076433   0.000000  -0.093965  -0.079505  -0.087772   0.164099   0.006475  -0.097288  -0.050363 
  0.102925  -0.005394   0.265641   0.057926   0.000000  -0.095283  -0.054034   0.011916  -0.032757  -0.018507   0.000000  -0.001318 
  0.068351   0.120492   0.057449   0.000000   0.097288  -0.068239  -0.034574   0.125886  -0.208192  -0.057926   0.097288   0.027044 
  0.206320   0.013234   0.124979   0.033346   0.059588  -0.105825   0.137969  -0.107258   0.067530   0.033346  -0.037700  -0.037586 
  0.240009   0.001134   0.154439   0.051165   0.072193  -0.107143   0.033689  -0.012100   0.029460   0.017819   0.012605  -0.001318 
  0.146380  -0.055663   0.277266   0.062338   0.000000  -0.127770  -0.093629  -0.056797   0.122827   0.011173  -0.072193  -0.020627 
  0.122834   0.066533   0.039665   0.000000   0.085428  -0.096200  -0.023546   0.122196  -0.237601  -0.062338   0.085428   0.031570 
  0.139520   0.112529  -0.089075  -0.043602   0.108633  -0.091673   0.016686   0.045996  -0.128740  -0.043602   0.023205   0.004527 
  0.281555  -0.090666   0.137209   0.066062   0.056264  -0.140661   0.142035  -0.203195   0.226284   0.109664  -0.052369  -0.048988 
  0.278367  -0.076336   0.117939   0.046123   0.061478  -0.146964  -0.003188   0.014330  -0.019270  -0.019939   0.005214  -0.006303 
  0.161638  -0.063549   0.222852   0.034664   0.000000  -0.155100  -0.116729   0.012787   0.104913  -0.011459  -0.061478  -0.008136 
  0.094579   0.085144   0.037972   0.000000   0.105482  -0.094252  -0.067059   0.148693  -0.184880  -0.034664   0.105482   0.060848 
  0.237516  -0.035445   0.109880   0.041826   0.074599  -0.133213   0.142937  -0.120589   0.071908   0.041826  -0.030883  -0.038961 
  0.234112  -0.059906   0.148356   0.050821   0.056035  -0.138656  -0.003404  -0.024461   0.038476   0.008995  -0.018564  -0.005443 
  0.305825  -0.031100  -0.070997   0.039305   0.171028  -0.124676   0.071713   0.028806  -0.219353  -0.011516   0.114993   0.013980 
  0.127484   0.141594  -0.066908  -0.059530   0.114190  -0.104336  -0.178341   0.172694   0.004089  -0.098835  -0.056838   0.020340 
  0.192830   0.035552   0.070453   0.000000   0.073510  -0.126108   0.065346  -0.106042   0.137361   0.059530  -0.040680  -0.021772 
  0.299525  -0.037126   0.108348   0.045665   0.080386  -0.130921   0.106695  -0.072678   0.037895   0.045665   0.006876  -0.004813 
  0.239253  -0.068094   0.135972   0.049446   0.052769  -0.138598  -0.060272  -0.030968   0.027624   0.003781  -0.027617  -0.007677 
  0.136279  -0.001553   0.171988   0.000000   0.000000  -0.143698  -0.102974   0.066541   0.036016  -0.049446  -0.052769  -0.005100 
  0.110392   0.195585  -0.112725  -0.081990   0.124275  -0.082964  -0.025887   0.197138  -0.284713  -0.081990   0.124275   0.060734 
  0.244576   0.048357   0.057864   0.000000   0.074427  -0.117055   0.134184  -0.147228   0.170589   0.081990  -0.049848  -0.034091 
  0.245123  -0.008207   0.101813   0.027903   0.061306  -0.124160   0.000547  -0.056564   0.043949   0.027903  -0.013121  -0.007105 
  0.202839  -0.003965   0.117482   0.026241   0.049790  -0.124217  -0.042284   0.004242   0.015669  -0.001662  -0.011516  -0.000057 
  0.083976   0.192591  -0.061732  -0.068927   0.098434  -0.074771  -0.118863   0.196556  -0.179214  -0.095168   0.048644   0.049446 
  0.177363   0.123385   0.006575  -0.049274   0.058614  -0.113618   0.093387  -0.069206   0.068307   0.019653  -0.039820  -0.038847 
  0.259851   0.039158   0.063038   0.000000   0.071849  -0.120035   0.082488  -0.084227   0.056463   0.049274   0.013235  -0.006417 
  0.140862   0.038096   0.167179   0.000000   0.000000  -0.120378  -0.118989  -0.001062   0.104141   0.000000  -0.071849  -0.000343 
  0.075257   0.223570  -0.098895  -0.086459   0.107315  -0.072250  -0.065605   0.185474  -0.266074  -0.086459   0.107315   0.048128 
  0.145717   0.147954   0.015433  -0.084053   0.037758  -0.114993   0.070460  -0.075616   0.114328   0.002406  -0.069557  -0.042743 
  0.232458   0.051723   0.112937   0.000000   0.058270  -0.117055   0.086741  -0.096231   0.097504   0.084053   0.020512  -0.002062 
  0.164277   0.050206   0.140297   0.000000   0.034377  -0.117113  -0.068181  -0.001517   0.027360   0.000000  -0.023893  -0.000058 
  0.087989   0.226074  -0.078506  -0.096085   0.097460  -0.082048  -0.076288   0.175868  -0.218803  -0.096085   0.063083   0.035065 
  0.138590   0.127882   0.034337  -0.035237   0.064859  -0.098491   0.050601  -0.098192   0.112843   0.060848  -0.032601  -0.016443 
  0.223557   0.071565   0.098379   0.000000   0.058327  -0.110122   0.084967  -0.056317   0.064042   0.035237  -0.006532  -0.011631 
  0.152004   0.055435   0.120588   0.000000   0.039248  -0.114477  -0.071553  -0.016130   0.022209   0.000000  -0.019079  -0.004355 
  0.080985   0.236994  -0.120539  -0.099580   0.121066  -0.076547  -0.071019   0.181559  -0.241127  -0.099580   0.081818   0.037930 
  0.157027   0.152613  -0.028329  -0.069328   0.077865  -0.104679   0.076042  -0.084381   0.092210   0.030252  -0.043201  -0.028132 
  0.232143   0.085967   0.082161   0.000000   0.071906  -0.103935   0.075116  -0.066646   0.110490   0.069328  -0.005959   0.000744 
  0.207975   0.062514   0.063310   0.000000   0.069041  -0.114019  -0.024168  -0.023453  -0.018851   0.000000  -0.002865  -0.010084 
  0.096681   0.234871  -0.085814  -0.060848   0.125707  -0.074943  -0.111294   0.172357  -0.149124  -0.060848   0.056666   0.039076 
  0.135728   0.208669  -0.137180  -0.060848   0.147938  -0.066864   0.039047  -0.026202  -0.051366   0.000000   0.022231   0.008079 
  0.263545   0.133210  -0.018706  -0.041769   0.090413  -0.113102   0.127817  -0.075459   0.118474   0.019079  -0.057525  -0.046238 
  0.202088   0.084410   0.053165   0.004526   0.088808  -0.110122  -0.061457  -0.048800   0.071871   0.046295  -0.001605   0.002980 
  0.151070   0.232411  -0.115602  -0.064515   0.146849  -0.084626  -0.051018   0.148001  -0.168767  -0.069041   0.058041   0.025496 
  0.116532   0.226481  -0.170610  -0.069213   0.157563  -0.064687  -0.034538  -0.005930  -0.055008  -0.004698   0.010714   0.019939 
  0.231122   0.145908  -0.005168  -0.034148   0.084168  -0.100153   0.114590  -0.080573   0.165442   0.035065  -0.073395  -0.035466 
  0.105561   0.158090   0.086490   0.010199   0.070531  -0.061879  -0.125561   0.012182   0.091658   0.044347  -0.013637   0.038274 
  0.058159   0.310013  -0.074879  -0.054145   0.128801  -0.032315  -0.047402   0.151923  -0.161369  -0.064344   0.058270   0.029564 
  0.008947   0.412724  -0.152668  -0.093335   0.150917   0.000000  -0.049212   0.102711  -0.077789  -0.039190   0.022116   0.032315 
  0.207614   0.266868  -0.081044  -0.033575   0.148453  -0.033060   0.198667  -0.145856   0.071624   0.059760  -0.002464  -0.033060 
  0.170922   0.191473   0.024983   0.016673   0.126681  -0.039305  -0.036692  -0.075395   0.106027   0.050248  -0.021772  -0.006245 
  0.126786   0.194280   0.039004   0.016100   0.119462  -0.039076  -0.044136   0.002807   0.014021  -0.000573  -0.007219   0.000229 
  0.012169   0.361498  -0.101368  -0.055348   0.150917   0.000000  -0.114617   0.167218  -0.140372  -0.071448   0.031455   0.039076 
  0.205318   0.263436  -0.097934  -0.029450   0.155730  -0.032773   0.193149  -0.098062   0.003434   0.025898   0.004813  -0.032773 
  0.213428   0.202423  -0.014229   0.015584   0.146047  -0.038904   0.008110  -0.061013   0.083705   0.045034  -0.009683  -0.006131 
  0.153111   0.195393   0.006454   0.007162   0.125306  -0.048014  -0.060317  -0.007030   0.020683  -0.008422  -0.020741  -0.009110 
  0.010026   0.377239  -0.129862  -0.066578   0.153667   0.000000  -0.143085   0.181846  -0.136316  -0.073740   0.028361   0.048014 
  0.229392   0.208306  -0.100785  -0.031627   0.145531  -0.066406   0.219366  -0.168933   0.029077   0.034951  -0.008136  -0.066406 
  0.166236   0.188557   0.002888   0.019538   0.140145  -0.036956  -0.063156  -0.019749   0.103673   0.051165  -0.005386   0.029450 
  0.063541   0.297308  -0.021285   0.000000   0.162032   0.000000  -0.102695   0.108751  -0.024173  -0.019538   0.021887   0.036956 
 -0.013952   0.383133  -0.069656  -0.073625   0.130176   0.000000  -0.077493   0.085825  -0.048371  -0.073625  -0.031856   0.000000 
  0.184646   0.268824  -0.011018   0.022632   0.165413   0.000000   0.198598  -0.114309   0.058638   0.096257   0.035237   0.000000 
  0.171094   0.187076   0.069963   0.043086   0.138942  -0.035409  -0.013552  -0.081748   0.080981   0.020454  -0.026471  -0.035409 
  0.080933   0.329194  -0.078399  -0.036497   0.167304   0.000000  -0.090161   0.142118  -0.148362  -0.079583   0.028362   0.035409 
 -0.073871   0.562442  -0.081052  -0.080271   0.182831   0.084626  -0.154804   0.233248  -0.002653  -0.043774   0.015527   0.084626 
 -0.119195   0.742088   0.137587  -0.039018   0.204947   0.163981  -0.045324   0.179646   0.218639   0.041253   0.022116   0.079355 
 -0.187281   0.929092   0.263528   0.038675   0.257029   0.275306  -0.068086   0.187004   0.125941   0.077693   0.052082   0.111325 
 -0.002468   0.720212   0.242437   0.144500   0.280921   0.275765   0.184813  -0.208880  -0.021091   0.105825   0.023892   0.000459 
  0.263575   0.492132   0.197993   0.245570   0.376548   0.236288   0.266043  -0.228080  -0.044444   0.101070   0.095627  -0.039477 
  0.296576   0.266847   0.389685   0.312950   0.285963   0.152579   0.033001  -0.225285   0.191692   0.067380  -0.090585  -0.083709 
  0.062681   0.181242   0.548713   0.354604   0.201968   0.132926  -0.233895  -0.085605   0.159028   0.041654  -0.083995  -0.019653 
 -0.092566   0.179830   0.596125   0.340050   0.149599   0.132869  -0.155247  -0.001412   0.047412  -0.014554  -0.052369  -0.000057 
 -0.198434   0.119197   0.726671   0.394940   0.115222   0.121467  -0.105868  -0.060633   0.130546   0.054890  -0.034377  -0.011402 
 -0.256451   0.211662   0.628236   0.371162   0.156131   0.161230  -0.058017   0.092465  -0.098435  -0.023778   0.040909   0.039763 
 -0.338465   0.200197   0.716038   0.414707   0.125993   0.173377  -0.082014  -0.011465   0.087802   0.043545  -0.030138   0.012147 
 -0.186872   0.152694   0.682683   0.389268   0.119748   0.147365   0.151593  -0.047503  -0.033355  -0.025439  -0.006245  -0.026012 
 -0.129007   0.124829   0.755954   0.411441   0.111154   0.134072   0.057865  -0.027865   0.073271   0.022173  -0.008594  -0.013293 
 -0.124229   0.179782   0.689296   0.387835   0.132411   0.153381   0.004778   0.054953  -0.066658  -0.023606   0.021257   0.019309 
 -0.185849   0.258718   0.780362   0.413274   0.122957   0.207353  -0.061620   0.078936   0.091066   0.025439  -0.009454   0.053972 
 -0.260175   0.210435   0.821436   0.406456   0.070703   0.191024  -0.074326  -0.048283   0.041074  -0.006818  -0.052254  -0.016329 
 -0.218061   0.232304   0.753719   0.380559   0.073109   0.187816   0.042114   0.021869  -0.067717  -0.025897   0.002406  -0.003208 
 -0.242973   0.190648   0.794969   0.419634   0.084168   0.192170  -0.024912  -0.041656   0.041250   0.039075   0.011059   0.004354 
 -0.320738   0.220317   0.813993   0.420150   0.065833   0.204431  -0.077765   0.029669   0.019024   0.000516  -0.018335   0.012261 
 -0.323525   0.239693   0.781375   0.390757   0.065374   0.198014  -0.002787   0.019376  -0.032618  -0.029393  -0.000459  -0.006417 
 -0.377926   0.399819   0.669617   0.365261   0.132124   0.254794  -0.054401   0.160126  -0.111758  -0.025496   0.066750   0.056780 
 -0.241502   0.435051   0.544664   0.342457   0.165814   0.274332   0.136424   0.035232  -0.124953  -0.022804   0.033690   0.019538 
 -0.135299   0.325237   0.639191   0.384856   0.147021   0.253992   0.106203  -0.109814   0.094527   0.042399  -0.018793  -0.020340 
 -0.149273   0.220814   0.715681   0.432984   0.139802   0.220302  -0.013974  -0.104423   0.076490   0.048128  -0.007219  -0.033690 
 -0.192349   0.285866   0.656178   0.383137   0.131150   0.230100  -0.043076   0.065052  -0.059503  -0.049847  -0.008652   0.009798 
 -0.341201   0.462183   0.618537   0.313752   0.118029   0.259779  -0.148852   0.176317  -0.037641  -0.069385  -0.013121   0.029679 
 -0.217208   0.387683   0.634192   0.384741   0.155272   0.276911   0.123993  -0.074500   0.015655   0.070989   0.037243   0.017132 
 -0.130431   0.353083   0.667258   0.355692   0.118373   0.236918   0.086777  -0.034600   0.033066  -0.029049  -0.036899  -0.039993 
 -0.263552   0.340204   0.705215   0.384856   0.111440   0.262014  -0.133121  -0.012879   0.037957   0.029164  -0.006933   0.025096 
 -0.295027   0.371262   0.715521   0.392419   0.119290   0.270207  -0.031475   0.031058   0.010306   0.007563   0.007850   0.008193 
 -0.297275   0.461224   0.641063   0.368297   0.155100   0.299542  -0.002248   0.089962  -0.074458  -0.024122   0.035810   0.029335 
 -0.128128   0.407708   0.595895   0.360161   0.157506   0.270837   0.169147  -0.053516  -0.045168  -0.008136   0.002406  -0.028705 
 -0.174409   0.281277   0.750736   0.439459   0.129259   0.262644  -0.046281  -0.126431   0.154841   0.079298  -0.028247  -0.008193 
 -0.248007   0.364687   0.659004   0.392018   0.132754   0.279603  -0.073598   0.083410  -0.091732  -0.047441   0.003495   0.016959 
 -0.322039   0.422933   0.687512   0.375975   0.131895   0.270379  -0.074032   0.058246   0.028508  -0.016043  -0.000859  -0.009224 
 -0.280373   0.434215   0.596260   0.350650   0.138885   0.276968   0.041666   0.011282  -0.091252  -0.025325   0.006990   0.006589 
 -0.144584   0.363083   0.621783   0.362625   0.131379   0.243679   0.135789  -0.071132   0.025523   0.011975  -0.007506  -0.033289 
 -0.285157   0.336887   0.744822   0.396086   0.090585   0.254909  -0.140573  -0.026196   0.123039   0.033461  -0.040794   0.011230 
 -0.401014   0.501183   0.667998   0.287568   0.063770   0.256112  -0.115857   0.164296  -0.076824  -0.108518  -0.026815   0.001203 
 -0.337095   0.479348   0.653558   0.301662   0.074828   0.261211   0.063919  -0.021835  -0.014440   0.014094   0.011058   0.005099 
 -0.275350   0.430220   0.670095   0.342342   0.101585   0.269290   0.061745  -0.049128   0.016537   0.040680   0.026757   0.008079 
 -0.391250   0.389705   0.817315   0.383423   0.045894   0.271238  -0.115900  -0.040515   0.147220   0.041081  -0.055691   0.001948 
 -0.435774   0.478364   0.762732   0.317877   0.037128   0.267056  -0.044524   0.088659  -0.054583  -0.065546  -0.008766  -0.004182 
 -0.546827   0.563103   0.784425   0.278515   0.000000   0.277483  -0.111053   0.084739   0.021693  -0.039362  -0.037128   0.010427 
 -0.310463   0.403452   0.798865   0.374313   0.065833   0.265910   0.236364  -0.159651   0.014440   0.095798   0.065833  -0.011573 
 -0.414206   0.376479   0.921800   0.388866   0.000000   0.262185  -0.103743  -0.026973   0.122935   0.014553  -0.065833  -0.003725 
 -0.435577   0.481475   0.855879   0.316788   0.000000   0.262415  -0.021371   0.104996  -0.065921  -0.072078   0.000000   0.000230 
 -0.498174   0.573186   0.809891   0.271811   0.000000   0.272155  -0.062597   0.091711  -0.045988  -0.044977   0.000000   0.009740 
 -0.429939   0.500381   0.838356   0.311460   0.000000   0.271124   0.068235  -0.072805   0.028465   0.039649   0.000000  -0.001031 
 -0.440920   0.442301   0.879755   0.343431   0.000000   0.265623  -0.010981  -0.058080   0.041399   0.031971   0.000000  -0.005501 
 -0.493424   0.449556   0.919925   0.327331  -0.030711   0.248549  -0.052504   0.007255   0.040170  -0.016100  -0.030711  -0.017074 
 -0.539576   0.571539   0.812033   0.252273  -0.013579   0.248721  -0.046152   0.121983  -0.107892  -0.075058   0.017132   0.000172 
 -0.460714   0.399894   0.978682   0.357698  -0.032143   0.226376   0.078862  -0.171645   0.166649   0.105425  -0.018564  -0.022345 
 -0.427240   0.318179   1.023833   0.375746  -0.041711   0.200650   0.033474  -0.081715   0.045151   0.018048  -0.009568  -0.025726 
 -0.486199   0.408382   0.961844   0.307621  -0.067380   0.205405  -0.058959   0.090203  -0.061989  -0.068125  -0.025669   0.004755 
 -0.584749   0.629046   0.811305   0.218927  -0.028648   0.252273  -0.098550   0.220664  -0.150539  -0.088694   0.038732   0.046868 
 -0.460561   0.516269   0.827888   0.291578   0.000000   0.252044   0.124188  -0.112777   0.016583   0.072651   0.028648  -0.000229 
 -0.395268   0.415082   0.879443   0.335123   0.000000   0.238007   0.065293  -0.101187   0.051555   0.043545   0.000000  -0.014037 
 -0.491437   0.446805   0.922636   0.324180  -0.036268   0.243965  -0.096169   0.031723   0.043193  -0.010943  -0.036268   0.005958 
 -0.612098   0.636838   0.832166   0.246085  -0.025267   0.279603  -0.120661   0.190033  -0.090470  -0.078095   0.011001   0.035638 
 -0.476532   0.537819   0.820653   0.289344   0.000000   0.265337   0.135566  -0.099019  -0.011513   0.043259   0.025267  -0.014266 
 -0.406853   0.362925   0.982662   0.369099  -0.029966   0.221677   0.069679  -0.174894   0.162009   0.079755  -0.029966  -0.043660 
 -0.504710   0.462091   0.918086   0.319882  -0.039362   0.247403  -0.097857   0.099166  -0.064576  -0.049217  -0.009396   0.025726 
 -0.660687   0.637089   0.868130   0.273473  -0.031226   0.301433  -0.155977   0.174998  -0.049956  -0.046409   0.008136   0.054030 
 -0.493541   0.578403   0.848966   0.302808   0.000000   0.297480   0.167146  -0.058686  -0.019164   0.029335   0.031226  -0.003953 
 -0.477854   0.497146   0.862158   0.335753   0.000000   0.287797   0.015687  -0.081257   0.013192   0.032945   0.000000  -0.009683 
 -0.620484   0.472003   1.012170   0.382507  -0.063999   0.304928  -0.142630  -0.025143   0.150012   0.046754  -0.063999   0.017131 
 -0.689718   0.553094   0.948853   0.353973  -0.042170   0.316903  -0.069234   0.081091  -0.063317  -0.028534   0.021829   0.011975 
 -0.520984   0.483968   0.919025   0.385543   0.000000   0.313752   0.168734  -0.069126  -0.029828   0.031570   0.042170  -0.003151 
 -0.494326   0.447393   0.982452   0.418832   0.000000   0.313866   0.026658  -0.036575   0.063427   0.033289   0.000000   0.000114 
 -0.499703   0.422391   0.995604   0.421296   0.000000   0.300803  -0.005377  -0.025002   0.013152   0.002464   0.000000  -0.013063 
 -0.677398   0.584855   0.952574   0.341999  -0.036956   0.331857  -0.177695   0.162464  -0.043030  -0.079297  -0.036956   0.031054 
 -0.580511   0.556335   0.884144   0.352598   0.000000   0.326987   0.096887  -0.028520  -0.068430   0.010599   0.036956  -0.004870 
 -0.530260   0.478917   1.004148   0.427312   0.000000   0.335581   0.050251  -0.077418   0.120004   0.074714   0.000000   0.008594 
 -0.531995   0.439441   1.036641   0.441808   0.000000   0.320570  -0.001735  -0.039476   0.032493   0.014496   0.000000  -0.015011 
 -0.628628   0.527496   1.033316   0.389554  -0.031513   0.327388  -0.096633   0.088055  -0.003325  -0.052254  -0.031513   0.006818 
 -0.685093   0.597045   0.999765   0.352770  -0.044691   0.333576  -0.056465   0.069549  -0.033551  -0.036784  -0.013178   0.006188 
 -0.503410   0.475123   1.017512   0.438198   0.000000   0.324351   0.181683  -0.121922   0.017747   0.085428   0.044691  -0.009225 
 -0.529284   0.432370   1.064302   0.455272   0.000000   0.318794  -0.025874  -0.042753   0.046790   0.017074   0.000000  -0.005557 
 -0.525986   0.477510   1.032969   0.414993   0.000000   0.316788   0.003298   0.045140  -0.031333  -0.040279   0.000000  -0.002006 
 -0.739306   0.614226   1.068737   0.372251  -0.060218   0.353171  -0.213320   0.136716   0.035768  -0.042742  -0.060218   0.036383 
 -0.579899   0.505814   1.069609   0.455158   0.000000   0.349447   0.159407  -0.108412   0.000872   0.082907   0.060218  -0.003724 
 -0.567583   0.450898   1.123829   0.482488   0.000000   0.341884   0.012316  -0.054916   0.054220   0.027330   0.000000  -0.007563 
 -0.605171   0.502424   1.110970   0.439802  -0.029164   0.341999  -0.037588   0.051526  -0.012859  -0.042686  -0.029164   0.000115 
 -0.774990   0.633837   1.111298   0.384627  -0.068812   0.364745  -0.169819   0.131413   0.000328  -0.055175  -0.039648   0.022746 
 -0.596524   0.499065   1.126132   0.482373   0.000000   0.359646   0.178466  -0.134772   0.014834   0.097746   0.068812  -0.005099 
 -0.586461   0.500377   1.109539   0.460486   0.000000   0.353400   0.010063   0.001312  -0.016593  -0.021887   0.000000  -0.006246 
 -0.655688   0.496881   1.164713   0.460945  -0.041253   0.350822  -0.069227  -0.003496   0.055174   0.000459  -0.041253  -0.002578 
 -0.754656   0.591181   1.118227   0.411040  -0.045493   0.356724  -0.098968   0.094300  -0.046486  -0.049905  -0.004240   0.005902 
 -0.620269   0.468220   1.183357   0.481055  -0.038044   0.344405   0.134387  -0.122961   0.065130   0.070015   0.007449  -0.012319 
 -0.617976   0.491773   1.126080   0.440203  -0.044404   0.337931   0.002293   0.023553  -0.057277  -0.040852  -0.006360  -0.006474 
 -0.657726   0.407726   1.265195   0.504146  -0.070073   0.323721  -0.039750  -0.084047   0.139115   0.063943  -0.025669  -0.014210 
 -0.748402   0.547775   1.164137   0.420838  -0.064973   0.332144  -0.090676   0.140049  -0.101058  -0.083308   0.005100   0.008423 
 -0.687394   0.534630   1.158322   0.437969  -0.058384   0.346811   0.061008  -0.013145  -0.005815   0.017131   0.006589   0.014667 
 -0.581658   0.416584   1.227191   0.502541  -0.038445   0.320742   0.105736  -0.118046   0.068869   0.064572   0.019939  -0.026069 
 -0.682897   0.436429   1.280298   0.509073  -0.069500   0.343488  -0.101239   0.019845   0.053107   0.006532  -0.031055   0.022746 
 -0.800480   0.572501   1.239223   0.441235  -0.084855   0.361823  -0.117583   0.136072  -0.041075  -0.067838  -0.015355   0.018335 
 -0.766769   0.599469   1.179158   0.436021  -0.059588   0.371735   0.033711   0.026968  -0.060065  -0.005214   0.025267   0.009912 
