 -0.445751   0.224897   0.308022   0.093795  -0.120387   0.225021  -0.005598   0.001987  -0.000003  -0.001470  -0.002813   0.001707 
 -0.311321   0.118709   0.321896   0.153315  -0.075441   0.210850   0.123210  -0.100948   0.021302   0.061200   0.041513  -0.009332 
 -0.333721   0.068038   0.461208   0.196334  -0.119075   0.194099  -0.033513  -0.045478   0.146672   0.044690  -0.047031  -0.011951 
 -0.514281   0.094483   0.532445   0.218383  -0.150105   0.221925  -0.191567   0.031592   0.078530   0.023709  -0.034390   0.032586 
 -0.508614   0.103897   0.507857   0.157181  -0.167210   0.176640  -0.005233   0.014515  -0.017362  -0.059552  -0.020430  -0.040564 
 -0.473599   0.251604   0.272638   0.081826  -0.060500   0.196330   0.024223   0.152761  -0.228061  -0.073714   0.103421   0.024371 
 -0.321342   0.211469   0.251941   0.089150  -0.041051   0.178605   0.141570  -0.035127  -0.013606   0.008953   0.016196  -0.013083 
 -0.000570   0.041688   0.272930   0.163797  -0.001435   0.137848   0.310193  -0.164820   0.028012   0.076266   0.036400  -0.036155 
 -0.032375  -0.071873   0.348780   0.161380  -0.048105   0.063000  -0.042278  -0.108645   0.082806  -0.000807  -0.049851  -0.070285 
 -0.060584  -0.124713   0.362031   0.152719  -0.071857   0.029805  -0.038576  -0.047972   0.020140  -0.007062  -0.026897  -0.028671 
 -0.310524   0.094670   0.339744   0.073641  -0.113830   0.097280  -0.260199   0.224205  -0.015466  -0.077489  -0.045081   0.071959 
 -0.164720   0.066507   0.200366   0.038966  -0.060691   0.056407   0.135651  -0.023386  -0.132623  -0.033096   0.050066  -0.036428 
 -0.031969   0.021458   0.211204   0.105763  -0.015230   0.078389   0.122705  -0.040320   0.017525   0.068365   0.042424   0.026387 
 -0.105746  -0.069613   0.367805   0.109077  -0.111862   0.024854  -0.083716  -0.086388   0.163220   0.004872  -0.099633  -0.049169 
 -0.154051  -0.060996   0.327550   0.087408  -0.111207   0.020365  -0.058138   0.013253  -0.033703  -0.020120  -0.002309  -0.000163 
 -0.182897   0.061590   0.111860   0.026321  -0.013263   0.044238  -0.038571   0.127177  -0.209206  -0.059550   0.095015   0.028160 
 -0.039199  -0.048967   0.171892   0.056506  -0.050307   0.003480   0.134078  -0.106014   0.066449   0.031712  -0.039937  -0.036510 
  0.000219  -0.064366   0.193854   0.071164  -0.037047  -0.001009   0.029905  -0.010902   0.028312   0.016175   0.010404  -0.000281 
 -0.087682  -0.124463   0.309183   0.079175  -0.108584  -0.024808  -0.097306  -0.055645   0.121611   0.009519  -0.074358  -0.019630 
 -0.105499  -0.005566   0.064084   0.013676  -0.022500   0.003591  -0.027116   0.123301  -0.238884  -0.064002   0.083299   0.032528 
 -0.083084   0.037131  -0.072154  -0.033087   0.001361   0.004947   0.013222   0.047055  -0.130090  -0.045277   0.021112   0.005445 
  0.064679  -0.169363   0.146632   0.073415  -0.050353  -0.047213   0.138678  -0.202183   0.224866   0.107979  -0.054426  -0.048109 
  0.067220  -0.158333   0.119864   0.050315  -0.044483  -0.056687  -0.006438   0.015296  -0.020755  -0.021634   0.003193  -0.005463 
 -0.043781  -0.148845   0.217279   0.035695  -0.105305  -0.067995  -0.119873   0.013706   0.103361  -0.013164  -0.063463  -0.007336 
 -0.105111  -0.003451   0.024900  -0.002131   0.000832  -0.010318  -0.070096   0.149566  -0.186500  -0.036379   0.103533   0.061609 
  0.043555  -0.127339   0.089310   0.036534  -0.029395  -0.052451   0.140007  -0.119762   0.070221   0.040100  -0.032796  -0.038240 
  0.045879  -0.155100   0.120288   0.042368  -0.047303  -0.061065  -0.006227  -0.023681   0.036721   0.007259  -0.020441  -0.004761 
  0.123321  -0.129593  -0.106563   0.027690   0.068346  -0.050256   0.068996   0.029540  -0.221175  -0.013262   0.113152   0.014622 
 -0.049291   0.039802  -0.109972  -0.074306   0.012163  -0.033088  -0.180951   0.173381   0.002200  -0.100591  -0.058643   0.020943 
  0.021783  -0.069540   0.019891  -0.017937  -0.027861  -0.058031   0.062843  -0.105401   0.135404   0.057764  -0.042449  -0.021208 
  0.134207  -0.145517   0.050288   0.024566  -0.020329  -0.066016   0.104299  -0.072083   0.035871   0.043888   0.005143  -0.004289 
  0.079663  -0.179784   0.070414   0.025186  -0.047291  -0.076864  -0.062562  -0.030420   0.025533   0.001994  -0.029314  -0.007192 
 -0.017582  -0.116542   0.098932  -0.027421  -0.099404  -0.085135  -0.105157   0.067043   0.033857  -0.051243  -0.054430  -0.004655 
 -0.037740   0.077296  -0.193279  -0.112573   0.025527  -0.027573  -0.027963   0.197593  -0.286939  -0.083797   0.122651   0.061140 
  0.102172  -0.073231  -0.030188  -0.033744  -0.023665  -0.064835   0.132214  -0.146819   0.168295   0.080173  -0.051436  -0.033725 
  0.108448  -0.133094   0.006263  -0.009002  -0.036131  -0.075112  -0.001316  -0.056202   0.041588   0.026075  -0.014673  -0.006778 
  0.071893  -0.132152   0.014434  -0.013826  -0.046991  -0.078340  -0.044040   0.004558   0.013241  -0.003500  -0.013032   0.000231 
 -0.041242   0.061105  -0.172279  -0.112155   0.002309  -0.032066  -0.120512   0.196826  -0.181710  -0.097016   0.047164   0.049694 
  0.057874  -0.011400  -0.111470  -0.095663  -0.036856  -0.074084   0.091844  -0.068983   0.065744   0.017795  -0.041264  -0.038638 
  0.146090  -0.098926  -0.062505  -0.049551  -0.022965  -0.083672   0.081052  -0.084050   0.053833   0.047406   0.011827  -0.006248 
  0.032830  -0.103288   0.034138  -0.052712  -0.094158  -0.087187  -0.120318  -0.000932   0.101443  -0.001879  -0.073221  -0.000213 
 -0.027046   0.078887  -0.239434  -0.142332   0.013813  -0.042230  -0.066828   0.185558  -0.268839  -0.088348   0.105979   0.048218 
  0.049142  -0.000028  -0.132604  -0.143087  -0.055089  -0.088145   0.069344  -0.075579   0.111495   0.000507  -0.070857  -0.042692 
  0.141612  -0.099558  -0.042598  -0.062196  -0.033921  -0.093378   0.085732  -0.096240   0.094604   0.082144   0.019248  -0.002050 
  0.079160  -0.104375  -0.022736  -0.065357  -0.057158  -0.096607  -0.069083  -0.001572   0.024393  -0.001919  -0.025121  -0.000086 
  0.008600   0.068194  -0.249037  -0.164603   0.006580  -0.064714  -0.077084   0.175766  -0.221838  -0.098015   0.061891   0.034998 
  0.064930  -0.033297  -0.143692  -0.106917  -0.025365  -0.084328   0.049912  -0.098340   0.109741   0.058908  -0.033757  -0.016550 
  0.155626  -0.092914  -0.087148  -0.074841  -0.031241  -0.099131   0.084385  -0.056512   0.060873   0.033287  -0.007652  -0.011777 
  0.089801  -0.112343  -0.072437  -0.078002  -0.049664  -0.106657  -0.072029  -0.016371   0.018972  -0.001960  -0.020163  -0.004541 
  0.024511   0.065917  -0.321063  -0.180744   0.032809  -0.071899  -0.071388   0.181271  -0.244431  -0.101551   0.080770   0.037705 
  0.106281  -0.021763  -0.236351  -0.153653  -0.009736  -0.103202   0.075780  -0.084715   0.088839   0.028271  -0.044213  -0.028396 
  0.187126  -0.091709  -0.133359  -0.087486  -0.015039  -0.105629   0.074961  -0.067026   0.107051   0.067337  -0.006935   0.000440 
  0.168687  -0.118461  -0.159708  -0.090648  -0.017249  -0.118885  -0.024217  -0.023880  -0.022357  -0.002001  -0.003805  -0.010427 
  0.063121   0.050597  -0.316330  -0.154657   0.040073  -0.082980  -0.111236   0.171884  -0.152698  -0.062859   0.055762   0.038693 
  0.107897   0.021095  -0.375194  -0.157818   0.062960  -0.078073   0.039212  -0.026722  -0.055007  -0.002022   0.021363   0.007657 
  0.241443  -0.057663  -0.264218  -0.141901   0.006091  -0.127482   0.128088  -0.076025   0.114766   0.017047  -0.058357  -0.046700 
  0.185714  -0.109762  -0.199845  -0.098767   0.005141  -0.127673  -0.061079  -0.049412   0.068095   0.044253  -0.002401   0.002479 
  0.140425   0.034940  -0.376110  -0.170969   0.063838  -0.105349  -0.050533   0.147342  -0.172610  -0.071093   0.057281   0.024956 
  0.111615   0.025710  -0.438616  -0.178829   0.075208  -0.088581  -0.033946  -0.006635  -0.058918  -0.006760   0.009990   0.019359 
  0.231934  -0.058162  -0.280672  -0.146925   0.002468  -0.127219   0.115288  -0.081325   0.161464   0.032992  -0.074083  -0.036085 
  0.112102  -0.049279  -0.196512  -0.105739  -0.010513  -0.092116  -0.124756   0.011384   0.087613   0.042264  -0.014289   0.037615 
  0.070428   0.099344  -0.365379  -0.173245   0.048413  -0.065724  -0.046490   0.151078  -0.165482  -0.066437   0.057654   0.028866 
  0.026945   0.198756  -0.450667  -0.215596   0.071185  -0.036580  -0.048194   0.101820  -0.081969  -0.041293   0.021536   0.031577 
  0.231341   0.049601  -0.386541  -0.158997   0.069376  -0.072811   0.199792  -0.146793   0.067377   0.057647  -0.003008  -0.033837 
  0.200377  -0.029093  -0.288012  -0.111911   0.048260  -0.082228  -0.035460  -0.076379   0.101712   0.048124  -0.022280  -0.007061 
  0.161970  -0.029586  -0.281489  -0.115645   0.041697  -0.085170  -0.042797   0.001777   0.009639  -0.002707  -0.007691  -0.000627 
  0.053081   0.134333  -0.429359  -0.190254   0.073807  -0.049266  -0.113172   0.166141  -0.144821  -0.073592   0.031019   0.038181 
  0.251959   0.032972  -0.433423  -0.167518   0.079276  -0.085210   0.194701  -0.099185  -0.001083   0.023744   0.004413  -0.033708 
  0.265798  -0.031340  -0.357216  -0.125645   0.070249  -0.094512   0.009769  -0.062183   0.079121   0.042870  -0.010047  -0.007105 
  0.211209  -0.041670  -0.344031  -0.137228   0.050164  -0.106794  -0.058552  -0.008246   0.016032  -0.010597  -0.021069  -0.010124 
  0.073853   0.136877  -0.487845  -0.214129   0.079180  -0.061951  -0.141213   0.180584  -0.141035  -0.075925   0.028069   0.046961 
  0.298948  -0.035355  -0.466266  -0.182340   0.071700  -0.131529   0.221345  -0.170242   0.024291   0.032756  -0.008392  -0.067498 
  0.241520  -0.058404  -0.370091  -0.134336   0.066970  -0.105250  -0.061070  -0.021104   0.098819   0.048960  -0.005606   0.028318 
  0.144554   0.047048  -0.401762  -0.157035   0.089512  -0.071466  -0.100503   0.107349  -0.029094  -0.021753   0.021703   0.035785 
  0.072789   0.129574  -0.457631  -0.233822   0.058312  -0.074637  -0.075194   0.084377  -0.053359  -0.075851  -0.032004  -0.001211 
  0.277116   0.011966  -0.406492  -0.140726   0.094205  -0.077808   0.201004  -0.115803   0.053582   0.094021   0.035125  -0.001250 
  0.269293  -0.073082  -0.333009  -0.123433   0.068390  -0.116389  -0.011040  -0.083289   0.075858   0.018208  -0.026547  -0.036699 
  0.184860   0.065737  -0.488869  -0.206178   0.097407  -0.084151  -0.087542   0.140531  -0.153552  -0.081839   0.028322   0.034080 
  0.035785   0.295686  -0.499020  -0.253113   0.113590  -0.002697  -0.152078   0.231614  -0.007911  -0.046040   0.015523   0.083258 
 -0.003810   0.472032  -0.287879  -0.215021   0.136362   0.073487  -0.042491   0.177966   0.213314   0.038976   0.022148   0.077947 
 -0.066168   0.655737  -0.169436  -0.140490   0.189099   0.181641  -0.065147   0.185277   0.120548   0.075406   0.052150   0.109878 
  0.124374   0.443558  -0.198025  -0.037826   0.213647   0.178928   0.187859  -0.210653  -0.026551   0.103528   0.023996  -0.001028 
  0.396145   0.212179  -0.249967   0.060083   0.309930   0.136280   0.269196  -0.229899  -0.049971   0.098763   0.095767  -0.041003 
  0.434875  -0.016406  -0.065773   0.124301   0.220001   0.049399   0.036261  -0.227151   0.186097   0.065062  -0.090409  -0.085275 
  0.206709  -0.105310   0.085757   0.162794   0.136661   0.026575  -0.230529  -0.087517   0.153366   0.039326  -0.083782  -0.021258 
  0.057190  -0.110021   0.125671   0.145079   0.084948   0.023346  -0.151774  -0.003371   0.041683  -0.016892  -0.052120  -0.001701 
 -0.042949  -0.173953   0.248719   0.196807   0.051227   0.008773  -0.102288  -0.062638   0.124749   0.052542  -0.034092  -0.013086 
 -0.095237  -0.084788   0.142785   0.169868   0.092791   0.045365  -0.054331   0.090413  -0.104299  -0.026136   0.041230   0.038040 
 -0.171523  -0.099552   0.223089   0.210252   0.063309   0.054340  -0.078221  -0.013563   0.081870   0.041176  -0.029781   0.010384 
 -0.014201  -0.150354   0.182236   0.181651   0.057720   0.025157   0.155493  -0.049647  -0.039354  -0.027818  -0.005852  -0.027814 
  0.049392  -0.181519   0.248009   0.200663   0.049782   0.008692   0.061872  -0.030056   0.067205   0.019784  -0.008165  -0.015135 
  0.059899  -0.129865   0.173853   0.173896   0.071694   0.024830   0.008891   0.052716  -0.072792  -0.026005   0.021722   0.017428 
  0.004008  -0.054228   0.257421   0.196173   0.062896   0.075630  -0.057400   0.076652   0.084865   0.023030  -0.008953   0.052052 
 -0.064590  -0.105810   0.290997   0.186194   0.011298   0.056130  -0.069999  -0.050613   0.034806  -0.009238  -0.051717  -0.018289 
 -0.016747  -0.087241   0.215782   0.157136   0.014359   0.049751   0.046547   0.019492  -0.074053  -0.028327   0.002979  -0.005207 
 -0.035930  -0.132196   0.249534   0.193049   0.026074   0.050933  -0.020372  -0.044079   0.034847   0.036635   0.011668   0.002315 
 -0.107967  -0.105826   0.261060   0.190404   0.008395   0.060023  -0.073118   0.027200   0.012554  -0.001934  -0.017690   0.010183 
 -0.105025  -0.089750   0.220944   0.157850   0.008592   0.050434   0.001967   0.016860  -0.039156  -0.031853   0.000222  -0.008535 
 -0.153697   0.067077   0.101688   0.129193   0.075997   0.104043  -0.049541   0.157564  -0.118363  -0.027967   0.067467   0.054623 
 -0.011545   0.099010  -0.030763   0.103227   0.110343   0.120410   0.141391   0.032623  -0.131626  -0.025285   0.034443   0.017342 
  0.100387  -0.014103   0.056265   0.142465   0.092206   0.096898   0.111277  -0.112469   0.087787   0.039908  -0.018004  -0.022576 
  0.092141  -0.121826   0.125257   0.187432   0.085642   0.060037  -0.008794  -0.107124   0.069683   0.045627  -0.006394  -0.035965 
  0.054794  -0.060073   0.058256   0.134423   0.077646   0.066663  -0.037789   0.062304  -0.066378  -0.052358  -0.007791   0.007483 
 -0.088329   0.112945   0.013117   0.061877   0.065181   0.093171  -0.143458   0.173523  -0.044583  -0.071907  -0.012224   0.027325 
  0.041392   0.035146   0.021274   0.129705   0.103080   0.107131   0.129494  -0.077341   0.008646   0.068457   0.038176   0.014738 
  0.133898  -0.002754   0.046842   0.097494   0.066836   0.063967   0.092384  -0.037487   0.025989  -0.031591  -0.035930  -0.042426 
  0.006506  -0.018932   0.077301   0.123497   0.060559   0.085892  -0.127407  -0.015813   0.030813   0.026612  -0.005928   0.022624 
 -0.019241   0.008827   0.080109   0.127899   0.069065   0.090913  -0.025654   0.028078   0.003094   0.005001   0.008891   0.005681 
 -0.015760   0.095489  -0.001847   0.100615   0.105531   0.117077   0.003679   0.086936  -0.081737  -0.026695   0.036887   0.026784 
  0.159115   0.038674  -0.054513   0.089318   0.108592   0.085200   0.175181  -0.056589  -0.052514  -0.010719   0.003519  -0.031296 
  0.118563  -0.091056   0.092830   0.165455   0.081001   0.073836  -0.040140  -0.129550   0.147427   0.076705  -0.027098  -0.010823 
  0.050694  -0.010945  -0.006400   0.114852   0.085152   0.087624  -0.067350   0.080244  -0.099213  -0.050044   0.004680   0.014289 
 -0.017610   0.044001   0.014610   0.095648   0.084948   0.075228  -0.067678   0.055034   0.020960  -0.018656   0.000362  -0.011933 
  0.029785   0.051984  -0.084141   0.067162   0.092594   0.078646   0.048127   0.008023  -0.098868  -0.027949   0.008247   0.003841 
  0.171303  -0.022447  -0.066116   0.075975   0.085744   0.042185   0.142357  -0.074437   0.017840   0.009341  -0.006213  -0.036077 
  0.036458  -0.051943   0.049425   0.106275   0.045606   0.050244  -0.133899  -0.029547   0.115289   0.030817  -0.039465   0.008403 
 -0.073670   0.109054  -0.034897  -0.005404   0.019446   0.048275  -0.109076   0.160898  -0.084642  -0.111172  -0.025450  -0.001664 
 -0.004023   0.083920  -0.056835   0.005528   0.031160   0.050203   0.070807  -0.025279  -0.022325   0.011429   0.012459   0.002193 
  0.063451   0.031493  -0.047796   0.043047   0.058573   0.055111   0.068740  -0.052619   0.008584   0.038005   0.028194   0.005133 
 -0.046720  -0.012322   0.091926   0.080967   0.003537   0.053887  -0.108799  -0.044052   0.139200   0.038396  -0.054218  -0.001037 
 -0.085516   0.073038   0.029845   0.012259  -0.004573   0.046534  -0.037316   0.085076  -0.062670  -0.068241  -0.007257  -0.007206 
 -0.190840   0.154478   0.044040  -0.030264  -0.041045   0.053789  -0.103738   0.081109   0.013538  -0.042067  -0.035583   0.007363 
  0.051253  -0.008472   0.050982   0.062373   0.025444   0.039045   0.243785  -0.163327   0.006218   0.093082   0.067414  -0.014676 
 -0.046762  -0.038745   0.166419   0.073764  -0.039734   0.032149  -0.096215  -0.030696   0.114646   0.011827  -0.064216  -0.006868 
 -0.062404   0.062952   0.093000  -0.001475  -0.039078   0.029207  -0.013736   0.101227  -0.074278  -0.074814   0.001653  -0.002952 
 -0.119273   0.151364   0.039513  -0.049613  -0.038422   0.035776  -0.054855   0.087895  -0.054412  -0.047723   0.001689   0.006518 
 -0.045309   0.075259   0.060480  -0.013125  -0.037767   0.031573   0.076083  -0.076667   0.019973   0.036893   0.001725  -0.004292 
 -0.050561   0.013880   0.094381   0.015684  -0.037111   0.022901  -0.003026  -0.061988   0.032840   0.029204   0.001761  -0.008801 
 -0.097337   0.017836   0.127053  -0.003577  -0.067166   0.002655  -0.044442   0.003300   0.031544  -0.018877  -0.028914  -0.020414 
 -0.137760   0.136520   0.011663  -0.081796  -0.049378  -0.000344  -0.037983   0.117982  -0.116586  -0.077845   0.018965  -0.003207 
 -0.053169  -0.038425   0.170814   0.020467  -0.067287  -0.025860   0.087137  -0.175693   0.157888   0.102628  -0.016695  -0.025764 
 -0.013967  -0.123439   0.208467   0.035354  -0.076199  -0.054758   0.041856  -0.085809   0.036323   0.015241  -0.007663  -0.029184 
 -0.067197  -0.036535   0.138980  -0.035932  -0.101212  -0.053174  -0.050470   0.086062  -0.070885  -0.070943  -0.023728   0.001257 
 -0.160019   0.180829  -0.019057  -0.127788  -0.061825  -0.009478  -0.089955   0.216477  -0.159502  -0.091522   0.040709   0.043331 
 -0.030102   0.064753  -0.009972  -0.058298  -0.032521  -0.012878   0.132890  -0.117010   0.007552   0.069813   0.030661  -0.003805 
  0.040920  -0.039733   0.034085  -0.017914  -0.031865  -0.030086   0.074102  -0.105467   0.042457   0.040697   0.002049  -0.017653 
 -0.049521  -0.011309   0.069780  -0.032019  -0.067477  -0.027300  -0.087253   0.027397   0.034028  -0.013801  -0.034182   0.002303 
 -0.164453   0.175424  -0.028188  -0.113275  -0.055821   0.005167  -0.111639   0.185660  -0.099703  -0.080964   0.013123   0.031943 
 -0.023158   0.073106  -0.047200  -0.073177  -0.029898  -0.012271   0.144695  -0.103438  -0.020813   0.040380   0.027425  -0.018000 
  0.052249  -0.105087   0.107311   0.003416  -0.059208  -0.059102   0.078915  -0.179360   0.152642   0.076866  -0.027772  -0.047434 
 -0.039879  -0.009220   0.035237  -0.048962  -0.067949  -0.036548  -0.088515   0.094654  -0.074011  -0.052116  -0.007166   0.021913 
 -0.190128   0.162478  -0.022217  -0.098532  -0.059157   0.014311  -0.146528   0.170440  -0.059458  -0.049318   0.010402   0.050178 
 -0.017253   0.100493  -0.048879  -0.072359  -0.027275   0.007187   0.176702  -0.063291  -0.028733   0.026415   0.033528  -0.007845 
  0.004163   0.015937  -0.043185  -0.042575  -0.026619  -0.005668   0.025350  -0.085908   0.003555   0.030015   0.002338  -0.013614 
 -0.132739  -0.012506   0.099329   0.001018  -0.089963   0.008292  -0.132861  -0.029841   0.140308   0.043814  -0.061625   0.013160 
 -0.196244   0.065286   0.028514  -0.030678  -0.067478   0.017095  -0.059358   0.076347  -0.073089  -0.031484   0.024239   0.007965 
 -0.021781  -0.007139  -0.008812  -0.002269  -0.024652   0.010773   0.178717  -0.073916  -0.039667   0.028609   0.044616  -0.007201 
  0.010605  -0.047013   0.047117   0.027859  -0.023997   0.007716   0.036747  -0.041412   0.053521   0.030318   0.002482  -0.003975 
  0.010957  -0.075315   0.052771   0.027161  -0.023341  -0.008519   0.004819  -0.029885   0.003178  -0.000517   0.002518  -0.017191 
 -0.161009   0.083850   0.002243  -0.055297  -0.059641   0.019364  -0.167392   0.157534  -0.053071  -0.082288  -0.034402   0.026886 
 -0.058394   0.052031  -0.073685  -0.047859  -0.022029   0.011322   0.107297  -0.033496  -0.078538   0.007598   0.039546  -0.009077 
 -0.002414  -0.028687   0.038820   0.023694  -0.021374   0.016745   0.060767  -0.082441   0.109828   0.071702   0.002626   0.004347 
  0.001579  -0.071462   0.063815   0.035028  -0.020718  -0.001438   0.008888  -0.044545   0.022250   0.011474   0.002662  -0.019297 
 -0.089325   0.013294   0.052992  -0.020387  -0.051575   0.002209  -0.085903   0.082940  -0.013636  -0.055286  -0.028815   0.002492 
 -0.140061   0.079544   0.011943  -0.060332  -0.064098   0.005226  -0.045629   0.064387  -0.043929  -0.039826  -0.010444   0.001823 
  0.047350  -0.045678   0.022192   0.021934  -0.018751  -0.007171   0.192626  -0.127130   0.007302   0.082376   0.047461  -0.013629 
  0.027205  -0.091730   0.061484   0.035847  -0.018095  -0.015899  -0.014824  -0.048008   0.036277   0.014011   0.002806  -0.010001 
  0.036232  -0.049889   0.022653  -0.007593  -0.017439  -0.021077   0.014455   0.039839  -0.041913  -0.043352   0.002842  -0.006489 
 -0.171360   0.083527   0.050923  -0.053497  -0.077002   0.012135  -0.202057   0.131368   0.025121  -0.045825  -0.057340   0.031860 
 -0.006224  -0.028184   0.044297   0.026249  -0.016128   0.005240   0.170777  -0.113806  -0.009843   0.079814   0.063132  -0.008286 
  0.011820  -0.086399   0.091019   0.050418  -0.015472  -0.005495   0.023793  -0.060356   0.043438   0.024227   0.002950  -0.012165 
 -0.020039  -0.038172   0.070662   0.004570  -0.043981  -0.008551  -0.026005   0.046039  -0.023709  -0.045800  -0.026178  -0.004526 
 -0.184129   0.089941   0.063492  -0.053766  -0.082973   0.011023  -0.158129   0.125880  -0.010589  -0.058299  -0.036626   0.018066 
  0.000065  -0.048130   0.070827   0.040819  -0.013505   0.002753   0.190263  -0.140352   0.003850   0.094612   0.071870  -0.009819 
  0.015857  -0.050117   0.046736   0.015770  -0.012849  -0.006665   0.021967  -0.004314  -0.027645  -0.025031   0.003094  -0.011005 
 -0.047641  -0.056912   0.094412   0.013068  -0.053447  -0.012414  -0.057217  -0.009168   0.044055  -0.002695  -0.038123  -0.007377 
 -0.140881   0.034088   0.040428  -0.039998  -0.057031  -0.009683  -0.086851   0.088581  -0.057672  -0.053070  -0.001074   0.001064 
 -0.000765  -0.092172   0.098060   0.026855  -0.048926  -0.025174   0.146611  -0.128726   0.053876   0.066840   0.010651  -0.017197 
  0.007256  -0.071918   0.033285  -0.017158  -0.054631  -0.034819   0.014623   0.017741  -0.068598  -0.044037  -0.003122  -0.011391 
 -0.026765  -0.159265   0.164902   0.043624  -0.079644  -0.052201  -0.027313  -0.089905   0.127727   0.060748  -0.022395  -0.019166 
 -0.111712  -0.022515   0.056346  -0.042846  -0.073888  -0.046949  -0.078132   0.134144  -0.112514  -0.086513   0.008410   0.003427 
 -0.044976  -0.038959   0.043033  -0.028876  -0.066643  -0.035454   0.073659  -0.019096  -0.017338   0.013915   0.009935   0.009632 
  0.066489  -0.160304   0.104404   0.032535  -0.046049  -0.064694   0.118493  -0.124043   0.057278   0.061346   0.023321  -0.031144 
 -0.029021  -0.143759   0.150013   0.035905  -0.076448  -0.045119  -0.088375   0.013801   0.041449   0.003296  -0.027637   0.017632 
 -0.140876  -0.010986   0.101440  -0.035094  -0.091147  -0.029956  -0.104612   0.129982  -0.052800  -0.071084  -0.011901   0.013181 
 -0.101436   0.012683   0.033877  -0.043469  -0.065225  -0.023215   0.046788   0.020831  -0.071858  -0.008470   0.028757   0.004719 
