L_V1_ROI
1 63 5 255 255
L_MST_ROI
2 54 103 129 255
L_V6_ROI
3 62 78 178 255
L_V2_ROI
4 23 50 233 255
L_V3_ROI
5 15 40 226 255
L_V4_ROI
6 14 28 214 255
L_V8_ROI
7 26 47 201 255
L_4_ROI
8 33 178 20 255
L_3b_ROI
9 35 205 21 255
L_FEF_ROI
10 134 143 137 255
L_PEF_ROI
11 141 166 152 255
L_55b_ROI
12 62 88 47 255
L_V3A_ROI
13 7 57 246 255
L_RSC_ROI
14 153 64 133 255
L_POS2_ROI
15 186 86 188 255
L_V7_ROI
16 18 70 195 255
L_IPS1_ROI
17 57 114 160 255
L_FFC_ROI
18 57 89 117 255
L_V3B_ROI
19 25 47 206 255
L_LO1_ROI
20 0 49 184 255
L_LO2_ROI
21 18 33 181 255
L_PIT_ROI
22 34 43 171 255
L_MT_ROI
23 31 86 104 255
L_A1_ROI
24 235 19 47 255
L_PSL_ROI
25 122 79 56 255
L_SFL_ROI
26 31 49 22 255
L_PCV_ROI
27 138 128 153 255
L_STV_ROI
28 142 87 76 255
L_7Pm_ROI
29 149 181 188 255
L_7m_ROI
30 42 31 44 255
L_POS1_ROI
31 81 54 98 255
L_23d_ROI
32 127 56 91 255
L_v23ab_ROI
33 29 0 14 255
L_d23ab_ROI
34 63 17 47 255
L_31pv_ROI
35 54 11 42 255
L_5m_ROI
36 48 163 48 255
L_5mv_ROI
37 153 172 136 255
L_23c_ROI
38 205 190 194 255
L_5L_ROI
39 64 154 64 255
L_24dd_ROI
40 69 161 44 255
L_24dv_ROI
41 119 159 66 255
L_7AL_ROI
42 115 194 134 255
L_SCEF_ROI
43 110 146 86 255
L_6ma_ROI
44 144 179 135 255
L_7Am_ROI
45 184 243 224 255
L_7PL_ROI
46 169 246 237 255
L_7PC_ROI
47 68 177 108 255
L_LIPv_ROI
48 63 113 158 255
L_VIP_ROI
49 50 129 137 255
L_MIP_ROI
50 136 206 204 255
L_1_ROI
51 20 191 38 255
L_2_ROI
52 48 176 62 255
L_3a_ROI
53 47 216 22 255
L_6d_ROI
54 26 158 32 255
L_6mp_ROI
55 64 159 38 255
L_6v_ROI
56 71 168 50 255
L_p24pr_ROI
57 146 136 107 255
L_33pr_ROI
58 129 106 103 255
L_a24pr_ROI
59 176 133 130 255
L_p32pr_ROI
60 163 142 121 255
L_a24_ROI
61 67 12 25 255
L_d32_ROI
62 90 41 50 255
L_8BM_ROI
63 105 83 81 255
L_p32_ROI
64 95 32 52 255
L_10r_ROI
65 25 12 1 255
L_47m_ROI
66 96 75 66 255
L_8Av_ROI
67 53 54 43 255
L_8Ad_ROI
68 63 67 48 255
L_9m_ROI
69 43 35 18 255
L_8BL_ROI
70 34 39 20 255
L_9p_ROI
71 38 43 28 255
L_10d_ROI
72 38 35 24 255
L_8C_ROI
73 101 85 84 255
L_44_ROI
74 88 88 62 255
L_45_ROI
75 60 63 42 255
L_47l_ROI
76 51 49 31 255
L_a47r_ROI
77 77 76 66 255
L_6r_ROI
78 178 214 151 255
L_IFJa_ROI
79 126 119 95 255
L_IFJp_ROI
80 137 160 132 255
L_IFSp_ROI
81 97 98 87 255
L_IFSa_ROI
82 188 201 178 255
L_p9-46v_ROI
83 138 149 134 255
L_46_ROI
84 207 217 200 255
L_a9-46v_ROI
85 145 112 128 255
L_9-46d_ROI
86 140 117 131 255
L_9a_ROI
87 55 52 45 255
L_10v_ROI
88 14 35 14 255
L_a10p_ROI
89 98 75 89 255
L_10pp_ROI
90 55 62 58 255
L_11l_ROI
91 129 106 118 255
L_13l_ROI
92 82 60 69 255
L_OFC_ROI
93 40 35 31 255
L_47s_ROI
94 66 35 33 255
L_LIPd_ROI
95 155 180 202 255
L_6a_ROI
96 121 192 136 255
L_i6-8_ROI
97 90 98 83 255
L_s6-8_ROI
98 88 92 73 255
L_43_ROI
99 145 138 64 255
L_OP4_ROI
100 114 157 49 255
L_OP1_ROI
101 99 158 35 255
L_OP2-3_ROI
102 145 127 52 255
L_52_ROI
103 208 72 66 255
L_RI_ROI
104 178 61 23 255
L_PFcm_ROI
105 190 144 89 255
L_PoI2_ROI
106 131 124 83 255
L_TA2_ROI
107 130 42 27 255
L_FOP4_ROI
108 182 148 129 255
L_MI_ROI
109 157 116 106 255
L_Pir_ROI
110 90 66 65 255
L_AVI_ROI
111 141 72 83 255
L_AAIC_ROI
112 85 35 44 255
L_FOP1_ROI
113 160 153 88 255
L_FOP3_ROI
114 175 137 99 255
L_FOP2_ROI
115 99 156 51 255
L_PFt_ROI
116 129 222 134 255
L_AIP_ROI
117 136 220 166 255
L_EC_ROI
118 49 48 35 255
L_PreS_ROI
119 86 57 83 255
L_H_ROI
120 60 57 40 255
L_ProS_ROI
121 87 59 176 255
L_PeEc_ROI
122 61 62 51 255
L_STGa_ROI
123 58 42 26 255
L_PBelt_ROI
124 195 30 5 255
L_A5_ROI
125 99 39 6 255
L_PHA1_ROI
126 69 50 75 255
L_PHA3_ROI
127 96 102 113 255
L_STSda_ROI
128 77 51 34 255
L_STSdp_ROI
129 73 57 39 255
L_STSvp_ROI
130 71 59 57 255
L_TGd_ROI
131 35 34 23 255
L_TE1a_ROI
132 11 14 0 255
L_TE1p_ROI
133 96 102 94 255
L_TE2a_ROI
134 67 64 58 255
L_TF_ROI
135 64 72 56 255
L_TE2p_ROI
136 105 128 117 255
L_PHT_ROI
137 217 252 223 255
L_PH_ROI
138 88 131 163 255
L_TPOJ1_ROI
139 125 90 64 255
L_TPOJ2_ROI
140 156 162 138 255
L_TPOJ3_ROI
141 121 148 145 255
L_DVT_ROI
142 120 112 190 255
L_PGp_ROI
143 155 190 228 255
L_IP2_ROI
144 176 166 174 255
L_IP1_ROI
145 118 121 128 255
L_IP0_ROI
146 112 160 207 255
L_PFop_ROI
147 187 205 145 255
L_PF_ROI
148 255 255 226 255
L_PFm_ROI
149 133 105 114 255
L_PGi_ROI
150 53 62 46 255
L_PGs_ROI
151 62 67 57 255
L_V6A_ROI
152 41 89 166 255
L_VMV1_ROI
153 62 61 155 255
L_VMV3_ROI
154 49 53 159 255
L_PHA2_ROI
155 88 90 89 255
L_V4t_ROI
156 14 79 128 255
L_FST_ROI
157 92 157 153 255
L_V3CD_ROI
158 15 46 182 255
L_LO3_ROI
159 54 94 160 255
L_VMV2_ROI
160 67 62 161 255
L_31pd_ROI
161 56 22 45 255
L_31a_ROI
162 143 105 133 255
L_VVC_ROI
163 53 61 124 255
L_25_ROI
164 36 24 14 255
L_s32_ROI
165 46 35 21 255
L_pOFC_ROI
166 76 48 53 255
L_PoI1_ROI
167 164 104 97 255
L_Ig_ROI
168 110 123 36 255
L_FOP5_ROI
169 163 102 105 255
L_p10p_ROI
170 89 64 76 255
L_p47r_ROI
171 126 123 112 255
L_TGv_ROI
172 46 51 42 255
L_MBelt_ROI
173 187 30 24 255
L_LBelt_ROI
174 233 18 27 255
L_A4_ROI
175 152 39 4 255
L_STSva_ROI
176 40 33 22 255
L_TE1m_ROI
177 59 45 43 255
L_PI_ROI
178 122 50 50 255
L_a32pr_ROI
179 130 63 87 255
L_p24_ROI
180 123 35 74 255
