R_V1_ROI
1 0 255 255 255
R_MST_ROI
2 0 255 255 255
R_V6_ROI
3 0 255 255 255
R_V2_ROI
4 0 255 255 255
R_V3_ROI
5 0 255 255 255
R_V4_ROI
6 0 255 255 255
R_V8_ROI
7 0 255 255 255
R_FEF_ROI
8 0 255 255 255
R_PEF_ROI
9 0 255 255 255
R_55b_ROI
10 0 255 255 255
R_V3A_ROI
11 0 255 255 255
R_RSC_ROI
12 0 255 255 255
R_POS2_ROI
13 0 255 255 255
R_V7_ROI
14 0 255 255 255
R_IPS1_ROI
15 0 255 255 255
R_FFC_ROI
16 0 255 255 255
R_V3B_ROI
17 0 255 255 255
R_LO1_ROI
18 0 255 255 255
R_LO2_ROI
19 0 255 255 255
R_PIT_ROI
20 0 255 255 255
R_MT_ROI
21 0 255 255 255
R_A1_ROI
22 0 255 255 255
R_PSL_ROI
23 0 255 255 255
R_SFL_ROI
24 0 255 255 255
R_PCV_ROI
25 0 255 255 255
R_STV_ROI
26 0 255 255 255
R_7Pm_ROI
27 0 255 255 255
R_7m_ROI
28 0 255 255 255
R_POS1_ROI
29 0 255 255 255
R_23d_ROI
30 0 255 255 255
R_v23ab_ROI
31 0 255 255 255
R_d23ab_ROI
32 0 255 255 255
R_31pv_ROI
33 0 255 255 255
R_5m_ROI
34 0 255 255 255
R_5mv_ROI
35 0 255 255 255
R_23c_ROI
36 0 255 255 255
R_5L_ROI
37 0 255 255 255
R_24dd_ROI
38 0 255 255 255
R_24dv_ROI
39 0 255 255 255
R_7AL_ROI
40 0 255 255 255
R_SCEF_ROI
41 0 255 255 255
R_6ma_ROI
42 0 255 255 255
R_7Am_ROI
43 0 255 255 255
R_7PL_ROI
44 0 255 255 255
R_7PC_ROI
45 0 255 255 255
R_LIPv_ROI
46 0 255 255 255
R_VIP_ROI
47 0 255 255 255
R_MIP_ROI
48 0 255 255 255
R_6d_ROI
49 0 255 255 255
R_6mp_ROI
50 0 255 255 255
R_6v_ROI
51 0 255 255 255
R_p24pr_ROI
52 0 255 255 255
R_33pr_ROI
53 0 255 255 255
R_a24pr_ROI
54 0 255 255 255
R_p32pr_ROI
55 0 255 255 255
R_a24_ROI
56 0 255 255 255
R_d32_ROI
57 0 255 255 255
R_8BM_ROI
58 0 255 255 255
R_p32_ROI
59 0 255 255 255
R_10r_ROI
60 0 255 255 255
R_47m_ROI
61 0 255 255 255
R_8Av_ROI
62 0 255 255 255
R_8Ad_ROI
63 0 255 255 255
R_9m_ROI
64 0 255 255 255
R_8BL_ROI
65 0 255 255 255
R_9p_ROI
66 0 255 255 255
R_10d_ROI
67 0 255 255 255
R_8C_ROI
68 0 255 255 255
R_44_ROI
69 0 255 255 255
R_45_ROI
70 0 255 255 255
R_47l_ROI
71 0 255 255 255
R_a47r_ROI
72 0 255 255 255
R_6r_ROI
73 0 255 255 255
R_IFJa_ROI
74 0 255 255 255
R_IFJp_ROI
75 0 255 255 255
R_IFSp_ROI
76 0 255 255 255
R_IFSa_ROI
77 0 255 255 255
R_p9-46v_ROI
78 0 255 255 255
R_46_ROI
79 0 255 255 255
R_a9-46v_ROI
80 0 255 255 255
R_9-46d_ROI
81 0 255 255 255
R_9a_ROI
82 0 255 255 255
R_10v_ROI
83 0 255 255 255
R_a10p_ROI
84 0 255 255 255
R_10pp_ROI
85 0 255 255 255
R_11l_ROI
86 0 255 255 255
R_13l_ROI
87 0 255 255 255
R_OFC_ROI
88 0 255 255 255
R_47s_ROI
89 0 255 255 255
R_LIPd_ROI
90 0 255 255 255
R_6a_ROI
91 0 255 255 255
R_i6-8_ROI
92 0 255 255 255
R_s6-8_ROI
93 0 255 255 255
R_43_ROI
94 0 255 255 255
R_OP4_ROI
95 0 255 255 255
R_OP1_ROI
96 0 255 255 255
R_OP2-3_ROI
97 0 255 255 255
R_52_ROI
98 0 255 255 255
R_RI_ROI
99 0 255 255 255
R_PFcm_ROI
100 0 255 255 255
R_PoI2_ROI
101 0 255 255 255
R_TA2_ROI
102 0 255 255 255
R_FOP4_ROI
103 0 255 255 255
R_MI_ROI
104 0 255 255 255
R_Pir_ROI
105 0 255 255 255
R_AVI_ROI
106 0 255 255 255
R_AAIC_ROI
107 0 255 255 255
R_FOP1_ROI
108 0 255 255 255
R_FOP3_ROI
109 0 255 255 255
R_FOP2_ROI
110 0 255 255 255
R_PFt_ROI
111 0 255 255 255
R_AIP_ROI
112 0 255 255 255
R_EC_ROI
113 0 255 255 255
R_PreS_ROI
114 0 255 255 255
R_H_ROI
115 0 255 255 255
R_ProS_ROI
116 0 255 255 255
R_PeEc_ROI
117 0 255 255 255
R_STGa_ROI
118 0 255 255 255
R_PBelt_ROI
119 0 255 255 255
R_A5_ROI
120 0 255 255 255
R_PHA1_ROI
121 0 255 255 255
R_PHA3_ROI
122 0 255 255 255
R_STSda_ROI
123 0 255 255 255
R_STSdp_ROI
124 0 255 255 255
R_STSvp_ROI
125 0 255 255 255
R_TGd_ROI
126 0 255 255 255
R_TE1a_ROI
127 0 255 255 255
R_TE1p_ROI
128 0 255 255 255
R_TE2a_ROI
129 0 255 255 255
R_TF_ROI
130 0 255 255 255
R_TE2p_ROI
131 0 255 255 255
R_PHT_ROI
132 0 255 255 255
R_PH_ROI
133 0 255 255 255
R_TPOJ1_ROI
134 0 255 255 255
R_TPOJ2_ROI
135 0 255 255 255
R_TPOJ3_ROI
136 0 255 255 255
R_DVT_ROI
137 0 255 255 255
R_PGp_ROI
138 0 255 255 255
R_IP2_ROI
139 0 255 255 255
R_IP1_ROI
140 0 255 255 255
R_IP0_ROI
141 0 255 255 255
R_PFop_ROI
142 0 255 255 255
R_PF_ROI
143 0 255 255 255
R_PFm_ROI
144 0 255 255 255
R_PGi_ROI
145 0 255 255 255
R_PGs_ROI
146 0 255 255 255
R_V6A_ROI
147 0 255 255 255
R_VMV1_ROI
148 0 255 255 255
R_VMV3_ROI
149 0 255 255 255
R_PHA2_ROI
150 0 255 255 255
R_V4t_ROI
151 0 255 255 255
R_FST_ROI
152 0 255 255 255
R_V3CD_ROI
153 0 255 255 255
R_LO3_ROI
154 0 255 255 255
R_VMV2_ROI
155 0 255 255 255
R_31pd_ROI
156 0 255 255 255
R_31a_ROI
157 0 255 255 255
R_VVC_ROI
158 0 255 255 255
R_25_ROI
159 0 255 255 255
R_s32_ROI
160 0 255 255 255
R_pOFC_ROI
161 0 255 255 255
R_PoI1_ROI
162 0 255 255 255
R_Ig_ROI
163 0 255 255 255
R_FOP5_ROI
164 0 255 255 255
R_p10p_ROI
165 0 255 255 255
R_p47r_ROI
166 0 255 255 255
R_TGv_ROI
167 0 255 255 255
R_MBelt_ROI
168 0 255 255 255
R_LBelt_ROI
169 0 255 255 255
R_A4_ROI
170 0 255 255 255
R_STSva_ROI
171 0 255 255 255
R_TE1m_ROI
172 0 255 255 255
R_PI_ROI
173 0 255 255 255
R_a32pr_ROI
174 0 255 255 255
R_p24_ROI
175 0 255 255 255
R_M1S1Face_ROI
176 0 255 255 255
R_M1S1Ocular_ROI
177 0 255 255 255
R_M1S1UpperExtremity_ROI
178 0 255 255 255
R_M1S1Trunk_ROI
179 0 255 255 255
R_M1S1LowerExtremity_ROI
180 0 255 255 255