R_V1_ROI
1 62 0 255 255
R_MST_ROI
2 50 112 128 255
R_V6_ROI
3 67 90 180 255
R_V2_ROI
4 27 56 234 255
R_V3_ROI
5 19 44 232 255
R_V4_ROI
6 17 47 220 255
R_V8_ROI
7 23 68 210 255
R_4_ROI
8 31 186 26 255
R_3b_ROI
9 40 197 24 255
R_FEF_ROI
10 137 155 150 255
R_PEF_ROI
11 157 182 167 255
R_55b_ROI
12 105 107 74 255
R_V3A_ROI
13 19 72 247 255
R_RSC_ROI
14 149 69 136 255
R_POS2_ROI
15 205 111 205 255
R_V7_ROI
16 28 96 192 255
R_IPS1_ROI
17 63 141 175 255
R_FFC_ROI
18 52 108 122 255
R_V3B_ROI
19 40 80 222 255
R_LO1_ROI
20 13 67 200 255
R_LO2_ROI
21 19 66 182 255
R_PIT_ROI
22 37 74 184 255
R_MT_ROI
23 31 99 108 255
R_A1_ROI
24 232 10 46 255
R_PSL_ROI
25 189 148 136 255
R_SFL_ROI
26 66 60 47 255
R_PCV_ROI
27 130 146 157 255
R_STV_ROI
28 139 115 106 255
R_7Pm_ROI
29 153 213 197 255
R_7m_ROI
30 47 48 53 255
R_POS1_ROI
31 83 83 118 255
R_23d_ROI
32 135 56 98 255
R_v23ab_ROI
33 26 11 25 255
R_d23ab_ROI
34 60 16 44 255
R_31pv_ROI
35 68 17 50 255
R_5m_ROI
36 43 177 49 255
R_5mv_ROI
37 139 165 129 255
R_23c_ROI
38 205 197 195 255
R_5L_ROI
39 64 163 67 255
R_24dd_ROI
40 69 167 48 255
R_24dv_ROI
41 112 161 66 255
R_7AL_ROI
42 113 187 122 255
R_SCEF_ROI
43 141 153 111 255
R_6ma_ROI
44 150 176 139 255
R_7Am_ROI
45 169 249 216 255
R_7PL_ROI
46 154 253 227 255
R_7PC_ROI
47 71 182 106 255
R_LIPv_ROI
48 61 129 171 255
R_VIP_ROI
49 54 137 147 255
R_MIP_ROI
50 126 210 197 255
R_1_ROI
51 28 199 44 255
R_2_ROI
52 51 185 69 255
R_3a_ROI
53 44 225 29 255
R_6d_ROI
54 31 165 41 255
R_6mp_ROI
55 67 163 47 255
R_6v_ROI
56 89 185 66 255
R_p24pr_ROI
57 152 148 120 255
R_33pr_ROI
58 117 96 97 255
R_a24pr_ROI
59 176 134 132 255
R_p32pr_ROI
60 176 149 134 255
R_a24_ROI
61 73 18 38 255
R_d32_ROI
62 109 46 65 255
R_8BM_ROI
63 130 82 92 255
R_p32_ROI
64 112 55 80 255
R_10r_ROI
65 26 4 8 255
R_47m_ROI
66 79 52 50 255
R_8Av_ROI
67 79 68 65 255
R_8Ad_ROI
68 55 62 44 255
R_9m_ROI
69 43 25 19 255
R_8BL_ROI
70 35 36 22 255
R_9p_ROI
71 62 53 49 255
R_10d_ROI
72 28 23 18 255
R_8C_ROI
73 119 89 94 255
R_44_ROI
74 137 102 94 255
R_45_ROI
75 91 66 57 255
R_47l_ROI
76 51 26 27 255
R_a47r_ROI
77 82 70 69 255
R_6r_ROI
78 191 215 163 255
R_IFJa_ROI
79 138 123 104 255
R_IFJp_ROI
80 130 156 136 255
R_IFSp_ROI
81 124 112 111 255
R_IFSa_ROI
82 212 214 196 255
R_p9-46v_ROI
83 149 143 137 255
R_46_ROI
84 193 213 191 255
R_a9-46v_ROI
85 177 134 155 255
R_9-46d_ROI
86 160 135 151 255
R_9a_ROI
87 64 55 55 255
R_10v_ROI
88 0 18 4 255
R_a10p_ROI
89 104 91 112 255
R_10pp_ROI
90 42 49 51 255
R_11l_ROI
91 106 98 108 255
R_13l_ROI
92 95 85 88 255
R_OFC_ROI
93 41 38 36 255
R_47s_ROI
94 65 37 38 255
R_LIPd_ROI
95 145 187 199 255
R_6a_ROI
96 119 200 143 255
R_i6-8_ROI
97 107 122 107 255
R_s6-8_ROI
98 99 93 83 255
R_43_ROI
99 160 141 69 255
R_OP4_ROI
100 119 163 49 255
R_OP1_ROI
101 94 154 36 255
R_OP2-3_ROI
102 137 130 53 255
R_52_ROI
103 198 69 61 255
R_RI_ROI
104 167 86 44 255
R_PFcm_ROI
105 181 153 90 255
R_PoI2_ROI
106 126 126 86 255
R_TA2_ROI
107 137 43 34 255
R_FOP4_ROI
108 204 158 148 255
R_MI_ROI
109 169 130 118 255
R_Pir_ROI
110 52 65 75 255
R_AVI_ROI
111 155 81 96 255
R_AAIC_ROI
112 78 42 53 255
R_FOP1_ROI
113 161 141 91 255
R_FOP3_ROI
114 186 146 113 255
R_FOP2_ROI
115 97 163 54 255
R_PFt_ROI
116 104 209 117 255
R_AIP_ROI
117 132 228 172 255
R_EC_ROI
118 44 51 38 255
R_PreS_ROI
119 83 62 90 255
R_H_ROI
120 59 61 44 255
R_ProS_ROI
121 85 73 178 255
R_PeEc_ROI
122 52 63 51 255
R_STGa_ROI
123 51 50 31 255
R_PBelt_ROI
124 192 29 10 255
R_A5_ROI
125 110 39 3 255
R_PHA1_ROI
126 60 62 78 255
R_PHA3_ROI
127 76 106 114 255
R_STSda_ROI
128 70 56 40 255
R_STSdp_ROI
129 93 58 48 255
R_STSvp_ROI
130 89 49 61 255
R_TGd_ROI
131 31 38 28 255
R_TE1a_ROI
132 7 12 0 255
R_TE1p_ROI
133 105 109 104 255
R_TE2a_ROI
134 65 63 59 255
R_TF_ROI
135 59 81 64 255
R_TE2p_ROI
136 95 134 120 255
R_PHT_ROI
137 194 250 212 255
R_PH_ROI
138 70 144 166 255
R_TPOJ1_ROI
139 126 100 82 255
R_TPOJ2_ROI
140 138 176 143 255
R_TPOJ3_ROI
141 97 155 140 255
R_DVT_ROI
142 125 137 203 255
R_PGp_ROI
143 144 214 221 255
R_IP2_ROI
144 185 181 181 255
R_IP1_ROI
145 124 123 129 255
R_IP0_ROI
146 107 179 215 255
R_PFop_ROI
147 170 201 136 255
R_PF_ROI
148 255 255 221 255
R_PFm_ROI
149 160 124 134 255
R_PGi_ROI
150 54 62 49 255
R_PGs_ROI
151 89 79 76 255
R_V6A_ROI
152 50 100 170 255
R_VMV1_ROI
153 51 76 166 255
R_VMV3_ROI
154 42 69 171 255
R_PHA2_ROI
155 74 102 97 255
R_V4t_ROI
156 13 105 128 255
R_FST_ROI
157 73 164 149 255
R_V3CD_ROI
158 22 73 204 255
R_LO3_ROI
159 56 109 170 255
R_VMV2_ROI
160 59 76 173 255
R_31pd_ROI
161 78 27 60 255
R_31a_ROI
162 141 107 134 255
R_VVC_ROI
163 53 80 135 255
R_25_ROI
164 26 19 12 255
R_s32_ROI
165 27 19 9 255
R_pOFC_ROI
166 77 53 61 255
R_PoI1_ROI
167 166 107 103 255
R_Ig_ROI
168 108 130 41 255
R_FOP5_ROI
169 184 106 119 255
R_p10p_ROI
170 92 70 83 255
R_p47r_ROI
171 149 122 122 255
R_TGv_ROI
172 56 65 54 255
R_MBelt_ROI
173 188 17 26 255
R_LBelt_ROI
174 216 24 28 255
R_A4_ROI
175 150 40 8 255
R_STSva_ROI
176 49 40 35 255
R_TE1m_ROI
177 82 54 59 255
R_PI_ROI
178 129 59 62 255
R_a32pr_ROI
179 152 81 109 255
R_p24_ROI
180 122 44 81 255
