  0.001214   0.119930  -0.081026  -0.044035   0.010097   0.056760   0.005860  -0.003480  -0.002452   0.001759   0.002580   0.000054 
 -0.089649   0.110667   0.001179   0.004590   0.011880   0.087383  -0.089410  -0.008905   0.080561   0.048618   0.002568   0.031336 
 -0.081309   0.035365   0.072926   0.083639   0.013663   0.084375   0.009768  -0.074926   0.070115   0.079034   0.002556  -0.002297 
 -0.078941   0.021035   0.086981   0.096397   0.015447   0.084918   0.003769  -0.013936   0.012436   0.012734   0.002544   0.001254 
  0.081751   0.138839  -0.051136  -0.039069   0.017230   0.060138   0.162068   0.118216  -0.139724  -0.135499   0.002532  -0.024072 
  0.146503   0.078157  -0.078417  -0.041094   0.019014   0.020230   0.066102  -0.060252  -0.028874  -0.002067   0.002520  -0.039200 
 -0.147300   0.036414   0.091545   0.075427  -0.016789   0.082138  -0.292480  -0.041293   0.168381   0.116470  -0.035078   0.062614 
 -0.187623   0.030276   0.134378   0.076038  -0.044456   0.084056  -0.039025  -0.005671   0.041265   0.000551  -0.026954   0.002624 
 -0.180027   0.044854   0.107991   0.063585  -0.041182   0.077381   0.008867   0.015063  -0.027942  -0.012522   0.003974  -0.005971 
  0.081789   0.033920  -0.046475  -0.050568  -0.004506  -0.022973   0.263062  -0.010431  -0.156007  -0.114230   0.037365  -0.099650 
 -0.072349  -0.072378   0.051477   0.022007  -0.044204  -0.013606  -0.152919  -0.105777   0.096423   0.072488  -0.039022   0.010069 
 -0.162749  -0.017689  -0.019614  -0.000301  -0.030848   0.016273  -0.089206   0.055228  -0.072607  -0.022404   0.014021   0.030581 
 -0.065762  -0.126452   0.112872   0.051075  -0.052728  -0.018993   0.098154  -0.108206   0.130982   0.051271  -0.021227  -0.034566 
  0.075200   0.046443  -0.061150  -0.082558  -0.036792  -0.026299   0.142105   0.173471  -0.175512  -0.133747   0.016576  -0.006607 
  0.099309  -0.034413  -0.000542  -0.007978  -0.001548  -0.028218   0.025225  -0.080262   0.059130   0.074458   0.035873  -0.001222 
 -0.138752  -0.077020   0.074937   0.064653  -0.023255   0.013635  -0.236970  -0.041995   0.074014   0.072500  -0.021091   0.042550 
 -0.010883  -0.098656   0.123901   0.045096  -0.040437  -0.025126   0.128933  -0.021006   0.047512  -0.019697  -0.016577  -0.038066 
  0.035439   0.132458  -0.101331  -0.091287  -0.000723   0.012316   0.047361   0.231762  -0.226670  -0.136532   0.040306   0.038137 
 -0.133713  -0.056262   0.003099   0.014806  -0.018020   0.011657  -0.168140  -0.188054   0.103004   0.105935  -0.016717   0.000034 
 -0.074240  -0.053172  -0.012539   0.014385  -0.007757   0.010997   0.060460   0.003774  -0.017051  -0.000587   0.010831   0.000033 
  0.188860  -0.018818  -0.085017  -0.031242   0.045765  -0.041801   0.264060   0.035057  -0.073879  -0.045803   0.054077  -0.052107 
  0.096001  -0.102337   0.011862   0.017612   0.010764  -0.048993  -0.091924  -0.082798   0.095492   0.048669  -0.034457  -0.006501 
 -0.111490  -0.073025   0.012847   0.029109  -0.007448   0.009019  -0.206583   0.030051  -0.000390   0.011303  -0.017681   0.058701 
  0.038608  -0.115737   0.004011   0.008177  -0.014374  -0.039196   0.150981  -0.041954  -0.010198  -0.021135  -0.006406  -0.047527 
  0.238438  -0.033271  -0.101520  -0.024214   0.052898  -0.045986   0.200686   0.083241  -0.106880  -0.032603   0.067780  -0.006104 
  0.087307  -0.056521  -0.016330   0.012092   0.022367  -0.026306  -0.150300  -0.022457   0.083855   0.036086  -0.030036   0.020366 
 -0.100514   0.000746  -0.003350   0.030637   0.007706   0.042821  -0.187017   0.058078   0.011657   0.018316  -0.014177   0.069811 
 -0.236141   0.108463   0.056241   0.040244  -0.022423   0.115156  -0.134848   0.108547   0.058281   0.009369  -0.029658   0.073019 
  0.166878  -0.028240  -0.060518  -0.015295   0.026342  -0.025649   0.403771  -0.135855  -0.118057  -0.055786   0.049225  -0.140123 
  0.048377  -0.095923   0.097223   0.090453   0.017640   0.004402  -0.117774  -0.066817   0.156457   0.105493  -0.008254   0.030733 
 -0.084928  -0.092749   0.030745   0.053821  -0.002864   0.003743  -0.132605   0.004058  -0.067750  -0.036897  -0.020069   0.000021 
 -0.062452  -0.159864   0.176556   0.119692  -0.027552   0.003083   0.023151  -0.066213   0.144552   0.065597  -0.024264   0.000020 
  0.097251  -0.083340   0.086595   0.083634   0.022991   0.002424   0.160351   0.077444  -0.091207  -0.036341   0.050954   0.000018 
  0.060404  -0.183954   0.087139   0.101491   0.000251  -0.026998  -0.036224  -0.099675  -0.000688   0.017565  -0.022340  -0.028745 
 -0.127727  -0.127042   0.072139   0.066121  -0.029535   0.001105  -0.187535   0.057869  -0.016220  -0.035671  -0.029399   0.028778 
 -0.124175  -0.038298   0.052036   0.059341  -0.012683   0.036083   0.004123   0.089719  -0.021310  -0.007090   0.017228   0.035653 
  0.126668  -0.030596  -0.033869   0.030330   0.039406  -0.000214   0.251387   0.008695  -0.087099  -0.029329   0.052453  -0.035624 
 -0.004949  -0.158602   0.092403   0.114249   0.001026  -0.000874  -0.131098  -0.126995   0.125091   0.083592  -0.038030   0.000013 
 -0.117044  -0.136831   0.078479   0.075899  -0.026298  -0.001533  -0.111603   0.022800  -0.015093  -0.038686  -0.026985   0.000012 
 -0.006636  -0.146016   0.148187   0.115815  -0.004346  -0.002193   0.110875  -0.008138   0.068552   0.039571   0.022278   0.000011 
  0.204518  -0.070667  -0.044164   0.003896   0.033419  -0.049090   0.211595   0.076416  -0.193494  -0.112272   0.038080  -0.046228 
  0.036061  -0.187019   0.124762   0.107238  -0.002498  -0.035254  -0.168043  -0.115268   0.167797   0.102979  -0.035614   0.014504 
 -0.108669  -0.139354   0.134244   0.143717   0.010229   0.028316  -0.144341   0.048767   0.008365   0.036107   0.013017   0.064236 
  0.091515  -0.135414   0.065960   0.041023  -0.002197  -0.057486   0.200546   0.005060  -0.069388  -0.103075  -0.012147  -0.085136 
  0.177182  -0.118617   0.001733   0.010924   0.012077  -0.076078   0.086004   0.017935  -0.065318  -0.030489   0.014540  -0.017928 
 -0.060816  -0.060845   0.032708   0.050897   0.021079  -0.006150  -0.237688   0.058928   0.029897   0.039574   0.009257   0.070592 
 -0.015714  -0.046079  -0.000631   0.038273   0.038848  -0.006809   0.045387   0.015940  -0.034405  -0.013032   0.018012   0.000003 
  0.089364  -0.107775   0.075038   0.044213   0.006369  -0.044769   0.105336  -0.060503   0.074616   0.005523  -0.032249  -0.037298 
  0.262799  -0.079949  -0.068376  -0.014993   0.039665  -0.074305   0.173668   0.029037  -0.144453  -0.059631   0.033515  -0.028876 
 -0.020594  -0.067688   0.015542   0.047326   0.028443  -0.008788  -0.283187   0.013490   0.082891   0.061885  -0.011016   0.066177 
 -0.004430  -0.090020   0.023163   0.060655   0.039049  -0.009447   0.016345  -0.021085   0.006607   0.012887   0.010801  -0.000001 
  0.125745  -0.148676   0.053712   0.023222   0.000554  -0.079492   0.130329  -0.057391   0.029548  -0.037885  -0.038313  -0.069388 
  0.281987  -0.079033  -0.061904  -0.017133   0.043418  -0.080610   0.156371   0.070926  -0.116603  -0.040816   0.043035  -0.000463 
  0.016687  -0.053156  -0.051271   0.026736   0.046920  -0.011426  -0.265198   0.027178   0.009657   0.043399   0.003661   0.069839 
  0.009112  -0.102681   0.016254   0.069001   0.044292  -0.012085  -0.007498  -0.048205   0.066562   0.041786  -0.002482  -0.000006 
  0.013110  -0.052332   0.009065   0.030250   0.023787  -0.012745   0.004048   0.051687  -0.008139  -0.039239  -0.020370  -0.000007 
  0.281421  -0.023053  -0.119640  -0.055254   0.048719  -0.073908   0.268336   0.030635  -0.129641  -0.086001   0.025053  -0.060512 
  0.136255  -0.074057  -0.065091  -0.019063   0.023974  -0.069985  -0.145168  -0.049630   0.053625   0.035685  -0.024635   0.004574 
 -0.046707  -0.039961   0.005383   0.017072   0.012006  -0.014723  -0.182989   0.035489   0.069563   0.035620  -0.011870   0.055911 
  0.020788  -0.011835  -0.036924   0.005937   0.036364  -0.015383   0.067441   0.029536  -0.043205  -0.011658   0.024443  -0.000011 
  0.250312  -0.020016  -0.122099  -0.063238   0.038892  -0.078494   0.229445  -0.006753  -0.086059  -0.069707   0.002602  -0.062465 
  0.060145  -0.026722  -0.066207   0.007158   0.046119  -0.016702  -0.190273  -0.005259   0.055020   0.069856   0.007288   0.062438 
 -0.019345  -0.033968  -0.058682   0.005248   0.036730  -0.017361  -0.079621  -0.005781   0.006665  -0.002460  -0.009339  -0.000015 
 -0.006295  -0.076751   0.049904   0.044305   0.017943  -0.018021   0.012892  -0.041300   0.107739   0.038498  -0.018749  -0.000016 
  0.282738  -0.020908  -0.123958  -0.064462   0.037604  -0.078439   0.288850   0.057344  -0.174695  -0.109335   0.019686  -0.059776 
  0.194655  -0.049312  -0.093461  -0.031421   0.037038  -0.067010  -0.088293  -0.026885   0.029676   0.032464  -0.000552   0.012071 
 -0.068816   0.050370  -0.067993  -0.003193   0.041171   0.020624  -0.263705   0.101219   0.024660   0.027642   0.004134   0.088274 
 -0.064945   0.053097  -0.007389  -0.002754   0.015223   0.021453   0.003610   0.004283   0.059809  -0.000156  -0.025958   0.001469 
  0.157765   0.123473  -0.146884  -0.098629   0.036086  -0.021318   0.222424   0.071950  -0.140276  -0.096479   0.020840  -0.042133 
  0.086192   0.089826  -0.116080  -0.079741   0.010138  -0.021978  -0.071886  -0.032055   0.030035   0.018275  -0.025982  -0.000022 
 -0.102340   0.098647  -0.084875  -0.036788   0.027448   0.033284  -0.188870   0.010431   0.030448   0.042332   0.017264   0.055897 
 -0.097192   0.103467  -0.029578  -0.033829   0.005512   0.037379   0.004783   0.006448   0.054553   0.002330  -0.021995   0.004730 
  0.147232   0.096637  -0.105795  -0.078711   0.030557  -0.023956   0.244034  -0.005184  -0.076947  -0.045521   0.024975  -0.060702 
  0.172324   0.099528  -0.152187  -0.082855   0.043513  -0.024616   0.024675   0.004555  -0.047110  -0.004792   0.012873  -0.000027 
 -0.076748   0.068204  -0.088891  -0.023459   0.036931   0.025833  -0.249514  -0.029641   0.062591   0.058739  -0.006676   0.051080 
 -0.119051   0.066860  -0.021517  -0.030697  -0.004773   0.025116  -0.042771   0.000358   0.066682  -0.007904  -0.041811  -0.000086 
  0.013815   0.089504  -0.055096  -0.056156   0.001079   0.003429   0.132371   0.024363  -0.034257  -0.026134   0.005732  -0.021058 
  0.169784   0.096287  -0.172175  -0.100350   0.031051  -0.027254   0.155449   0.008520  -0.117745  -0.044878   0.029841  -0.030054 
 -0.100086   0.042593  -0.059216  -0.021415   0.007511   0.017580  -0.270417  -0.051939   0.112305   0.078242  -0.023684   0.045461 
 -0.087168   0.022640  -0.041448  -0.004761   0.019378   0.021733   0.012346  -0.018180   0.017127   0.015952   0.011712   0.004779 
  0.034571   0.030846  -0.026759  -0.052393  -0.016827  -0.029232   0.121140   0.009997   0.014062  -0.048343  -0.036372  -0.050341 
  0.116381   0.096736  -0.129695  -0.100026   0.006386  -0.029892   0.081186   0.067700  -0.103551  -0.048352   0.023033  -0.000036 
 -0.147331   0.076381  -0.032133  -0.039713  -0.020651   0.020958  -0.264363  -0.018527   0.096960   0.059585  -0.027228   0.051472 
 -0.211515   0.057310   0.060392  -0.034003  -0.066308   0.016975  -0.064860  -0.017225   0.091936   0.004973  -0.045861  -0.003361 
 -0.105801   0.080631   0.055650  -0.042158  -0.050258   0.012477   0.105011   0.025185  -0.005317  -0.008901   0.015835  -0.003878 
  0.084780   0.104686  -0.095496  -0.114312  -0.018222  -0.032530   0.189853   0.025937  -0.151709  -0.072909   0.031808  -0.044387 
 -0.127839   0.038753   0.040793  -0.002891  -0.019762   0.021471  -0.213374  -0.064033   0.135739   0.110657  -0.001779   0.054619 
 -0.142548   0.050193   0.038100  -0.011104  -0.017349   0.034849  -0.015489   0.013358  -0.003231  -0.008986   0.002162   0.013996 
  0.038179   0.133622  -0.050367  -0.089618  -0.012070   0.006115   0.179920   0.085366  -0.088991  -0.079296   0.005015  -0.028119 
  0.221763   0.262737  -0.139040  -0.151517   0.073995   0.000928   0.182752   0.131070  -0.089185  -0.062690   0.085790  -0.004572 
  0.050104   0.150643  -0.009745  -0.059920   0.037678   0.010697  -0.172518  -0.110121   0.128796   0.090797  -0.036605   0.010382 
 -0.094345   0.146139   0.073047   0.000565   0.019407   0.055817  -0.145333  -0.002513   0.082306   0.059676  -0.018570   0.045733 
 -0.102059   0.104300   0.112776   0.009598  -0.007458   0.054355  -0.008625  -0.039829   0.039257   0.008216  -0.027176  -0.000851 
  0.032717   0.108909   0.032329  -0.046227  -0.015700   0.009006   0.133840   0.006636  -0.080907  -0.056651  -0.008566  -0.044739 
  0.158905   0.092604  -0.041894  -0.051862   0.012668  -0.005864   0.125225  -0.014260  -0.074670  -0.006470   0.028032  -0.014260 
 -0.060027   0.070521   0.023421  -0.016357  -0.006404   0.029688  -0.219920  -0.020019   0.064880   0.034661  -0.019421   0.036160 
 -0.090858   0.056630   0.096347  -0.009501  -0.040087   0.027997  -0.031846  -0.011809   0.072505   0.006003  -0.034043  -0.001083 
  0.032299   0.037786   0.080790  -0.018057  -0.027303  -0.005149   0.122117  -0.016744  -0.015966  -0.009418   0.012412  -0.032540 
  0.202832   0.071471  -0.036168  -0.072221  -0.002257  -0.041103   0.169466   0.035803  -0.117354  -0.055035   0.024661  -0.035349 
 -0.098801   0.096142   0.036220  -0.038264  -0.037487   0.014445  -0.302725   0.026807   0.072005   0.033077  -0.035626   0.056151 
 -0.175973   0.060628   0.065731  -0.057649  -0.073289   0.005076  -0.078291  -0.033360   0.029142  -0.020274  -0.036211  -0.008766 
 -0.190830   0.098838   0.084151  -0.041625  -0.071162   0.023038  -0.016001   0.040383   0.018063   0.015126   0.001707   0.018563 
  0.030129   0.173840  -0.058648  -0.110916  -0.015406  -0.005353   0.219788   0.077193  -0.143143  -0.070197   0.055323  -0.027790 
 -0.019735   0.141096  -0.026200  -0.099476  -0.047255  -0.010882  -0.051060  -0.030535   0.032116   0.010524  -0.032293  -0.004930 
 -0.200559   0.105827   0.041467  -0.063227  -0.069823   0.006621  -0.182047  -0.033042   0.067349   0.035325  -0.023024   0.018102 
 -0.164353   0.041712   0.078151  -0.046745  -0.066779   0.003613   0.034958  -0.061870   0.036378   0.015549   0.002575  -0.002411 
 -0.039528   0.172854  -0.053286  -0.125317  -0.041447  -0.004553   0.123550   0.133405  -0.131730  -0.079514   0.024852  -0.007569 
  0.027588   0.138269  -0.084278  -0.118632  -0.032386  -0.016098   0.065816  -0.032304  -0.031272   0.005734   0.008568  -0.010951 
 -0.174725   0.071697   0.020554  -0.063132  -0.062517   0.003066  -0.203640  -0.064272   0.104566   0.054540  -0.030635   0.019758 
 -0.139025   0.069636   0.068258  -0.039545  -0.058041   0.014726   0.034348   0.000258   0.047450   0.022618   0.003960   0.012252 
 -0.057314   0.122821  -0.027607  -0.080531  -0.031219   0.005758   0.080333   0.055521  -0.096106  -0.041964   0.026293  -0.008376 
  0.064634   0.047962  -0.045130  -0.096822  -0.053558  -0.049676   0.120543  -0.072505  -0.017752  -0.017278  -0.022879  -0.054844 
 -0.163599   0.032778   0.026467  -0.033185  -0.052633  -0.000202  -0.229663  -0.012812   0.071382   0.062641   0.000372   0.050064 
 -0.157663   0.025579   0.063574  -0.019168  -0.053371   0.006415   0.004479  -0.004809   0.036904   0.013013  -0.001303   0.007205 
 -0.062253   0.081851  -0.003631  -0.057117  -0.028784   0.000312   0.093928   0.058680  -0.067395  -0.038963   0.024010  -0.005515 
  0.165030   0.082599  -0.133794  -0.109677   0.004169  -0.052314   0.225774   0.003175  -0.130340  -0.053583   0.032363  -0.052040 
 -0.097353   0.035626  -0.004311  -0.023809  -0.025848  -0.000434  -0.263917  -0.044528   0.129320   0.084837  -0.030618   0.052465 
 -0.134928   0.001571   0.052258  -0.004749  -0.039018   0.004350  -0.039136  -0.031592   0.056418   0.018020  -0.013784   0.005367 
 -0.045585   0.079785  -0.020135  -0.048657  -0.017067   0.004722   0.087758   0.080695  -0.072531  -0.044957   0.021326   0.000955 
  0.219480   0.066414  -0.152754  -0.095200   0.021960  -0.054952   0.263453  -0.010872  -0.132744  -0.047601   0.038389  -0.059093 
 -0.085783   0.056026  -0.021967  -0.019474  -0.009775   0.012570  -0.306900  -0.007871   0.130675   0.074659  -0.032384   0.068103 
 -0.131231   0.048323   0.031382   0.000388  -0.020483   0.025375  -0.047112  -0.005168   0.053249   0.018786  -0.011369   0.013384 
 -0.039815   0.091594  -0.028690  -0.030456  -0.002026   0.024601   0.089727   0.045825  -0.060159  -0.031929   0.017783  -0.000195 
  0.154795   0.108854  -0.168767  -0.094304   0.022733  -0.020176   0.192894   0.019832  -0.140151  -0.064941   0.024074  -0.044200 
 -0.117261   0.058876  -0.037784  -0.011301  -0.012897   0.023855  -0.273797  -0.047388   0.130923   0.081900  -0.036328   0.044608 
 -0.147816   0.054430   0.002841  -0.000033  -0.020797   0.031618  -0.032323  -0.001838   0.040577   0.010156  -0.008609   0.008338 
 -0.086324   0.079814   0.010501  -0.024518  -0.036432   0.022593   0.059699   0.028011   0.007625  -0.025606  -0.016356  -0.008451 
  0.109807   0.080633  -0.105241  -0.084583  -0.017631  -0.023387   0.194311   0.003463  -0.115764  -0.061194   0.018067  -0.045408 
 -0.138209   0.013571   0.007716  -0.029197  -0.057273  -0.000040  -0.249861  -0.064399   0.112948   0.054248  -0.040387   0.023919 
 -0.134918   0.015657   0.041205  -0.016554  -0.060990   0.006520   0.001419   0.004767   0.033492   0.011496  -0.004475   0.007130 
 -0.026248   0.085886  -0.030820  -0.024938  -0.001109   0.025914   0.106773   0.072928  -0.072009  -0.009540   0.059112   0.019964 
  0.126605   0.111096  -0.091610  -0.076581  -0.005227  -0.009466   0.150929   0.027927  -0.060761  -0.052808  -0.004899  -0.034812 
 -0.083452  -0.000127  -0.018133  -0.009965  -0.020002  -0.000271  -0.212006  -0.108488   0.073520   0.065442  -0.015569   0.009763 
 -0.126962  -0.030968   0.027510  -0.000703  -0.040449  -0.005170  -0.045486  -0.028088   0.045698   0.008080  -0.021253  -0.004333 
 -0.022133   0.074772  -0.049370  -0.060596  -0.017237   0.009869   0.102828   0.108511  -0.076812  -0.061085   0.022393   0.015605 
  0.044103   0.053412  -0.042354  -0.050589  -0.022730  -0.004828   0.064208  -0.018570   0.007097   0.008806  -0.006323  -0.014134 
 -0.130198  -0.040583   0.067502   0.012417  -0.046271  -0.002795  -0.176354  -0.091187   0.109950   0.061796  -0.024384   0.002596 
 -0.105435  -0.050300   0.063576   0.014461  -0.042998  -0.005688   0.022683  -0.006891  -0.003820   0.000825   0.002419  -0.002332 
  0.019400   0.089502  -0.062505  -0.054485   0.003991   0.011814   0.122730   0.142646  -0.125962  -0.070173   0.046123   0.018063 
  0.022631   0.068505  -0.095133  -0.046196   0.008869   0.006572   0.001099  -0.018135  -0.032496   0.007053   0.003999  -0.004683 
 -0.165229  -0.025527   0.038402   0.000538  -0.046357   0.005683  -0.190017  -0.091152   0.133681   0.045489  -0.056116  -0.000330 
 -0.051281  -0.065100   0.052082   0.012379  -0.027327  -0.007180   0.111764  -0.036675   0.013838   0.010587   0.018127  -0.012306 
  0.097728   0.048905  -0.056117  -0.059031  -0.012080  -0.015461   0.146800   0.116922  -0.108028  -0.072673   0.014333  -0.007724 
 -0.055679   0.008194  -0.075667  -0.021579  -0.002505   0.002960  -0.155643  -0.037775  -0.019365   0.036180   0.008649   0.018976 
 -0.083438  -0.052937   0.042464   0.016904  -0.033093  -0.002055  -0.030020  -0.058178   0.118328   0.037203  -0.031527  -0.004461 
  0.076623   0.029903  -0.048091  -0.044536  -0.007303  -0.012855   0.157774   0.085811  -0.090346  -0.062730   0.024840  -0.010248 
  0.089265   0.074829  -0.121738  -0.042378   0.028228   0.016164   0.010328   0.047915  -0.073425   0.000859   0.034568   0.029571 
 -0.129254  -0.050066   0.033310   0.023779  -0.026253   0.008687  -0.220858  -0.121888   0.155284   0.064849  -0.055455  -0.006927 
 -0.121456  -0.009709   0.073884   0.032813  -0.032605   0.032664   0.005432   0.043382   0.040822   0.007717  -0.007339   0.024527 
  0.091343   0.059859  -0.052576  -0.049426  -0.011284  -0.002201   0.210408   0.072612  -0.126199  -0.083565   0.020323  -0.034317 
  0.008769   0.055030  -0.099328  -0.014495   0.025564   0.026819  -0.084992  -0.001767  -0.046478   0.033597   0.035838   0.029568 
 -0.093156  -0.070778   0.037040   0.041693  -0.009321   0.004731  -0.104368  -0.122728   0.136656   0.054845  -0.035908  -0.021542 
 -0.094506  -0.034866   0.043624   0.040757  -0.013726   0.031287  -0.003820   0.039010   0.006884  -0.002288  -0.005440   0.027102 
  0.062765   0.041671  -0.037020  -0.006244   0.006392   0.022033   0.154776   0.079653  -0.080332  -0.048362   0.019070  -0.008710 
  0.073346   0.045038  -0.099758   0.005309   0.046850   0.029337   0.008059   0.006501  -0.062413   0.010184   0.039399   0.007847 
 -0.060184  -0.079500   0.014264   0.051986   0.009213   0.012807  -0.136077  -0.121386   0.114361   0.045298  -0.038708  -0.015989 
 -0.068007  -0.043512   0.070637   0.066291  -0.003327   0.041368  -0.010397   0.039159   0.056724   0.012917  -0.013624   0.029102 
  0.036199  -0.032752   0.024499   0.069824   0.046184   0.039220   0.101607   0.013949  -0.045774   0.002136   0.048416  -0.001609 
  0.242192  -0.088303   0.008758   0.053705   0.044759  -0.022804   0.203367  -0.052344  -0.015364  -0.017525  -0.002533  -0.061485 
  0.027878   0.005798  -0.037266   0.066291   0.063043   0.046037  -0.216965   0.097326  -0.045633   0.011171   0.017165   0.069378 
 -0.077907  -0.069116   0.119496   0.117494   0.020651   0.058841  -0.108463  -0.071670   0.157165   0.049779  -0.043523   0.013341 
 -0.005335  -0.089283   0.115472   0.109339   0.024383   0.043171   0.069869  -0.016906  -0.003609  -0.009587   0.002588  -0.015135 
  0.224583  -0.098206   0.026115   0.067952   0.052465  -0.018395   0.227188  -0.005643  -0.088929  -0.042828   0.026927  -0.061031 
  0.007511  -0.108071   0.063979   0.099961   0.026518   0.028330  -0.219827  -0.006567   0.038306   0.030559  -0.027115   0.047257 
 -0.045175  -0.171788   0.146331   0.131512   0.006586   0.009908  -0.055468  -0.060401   0.082806   0.030092  -0.021111  -0.017890 
  0.044020  -0.085240   0.062481   0.102271   0.052832   0.028443   0.086388   0.089882  -0.083383  -0.030708   0.045054   0.019065 
  0.178785  -0.046614   0.006399   0.040315   0.030493  -0.015074   0.131931   0.041978  -0.055602  -0.063433  -0.023542  -0.042987 
 -0.011023  -0.145257   0.101963   0.121255   0.021619   0.012972  -0.192667  -0.095273   0.096058   0.079454  -0.010089   0.028574 
  0.000249  -0.189875   0.121831   0.123986   0.016413  -0.005965   0.008386  -0.041230   0.020374   0.001236  -0.006434  -0.018409 
  0.006236  -0.141924   0.127075   0.123738   0.017165   0.004262   0.003076   0.051358   0.005763  -0.001752  -0.000487   0.010753 
  0.193229  -0.071499  -0.056028   0.044937   0.073380  -0.018400   0.184055   0.073850  -0.182572  -0.080314   0.054963  -0.022136 
  0.067795  -0.179469   0.022217   0.094880   0.041186  -0.027825  -0.128396  -0.104527   0.078790   0.048421  -0.033458  -0.008901 
 -0.008001  -0.234460   0.117953   0.114971   0.004867  -0.031808  -0.078785  -0.051530   0.096293   0.018561  -0.037595  -0.003459 
  0.080839  -0.227081   0.064420   0.119765   0.045784  -0.037681   0.085826   0.010858  -0.052963   0.003255   0.039628  -0.005352 
  0.194142  -0.135788  -0.004432   0.043428   0.043786  -0.047852   0.110262   0.094790  -0.068269  -0.077885  -0.003298  -0.009650 
  0.136500  -0.215507   0.013210   0.091020   0.053649  -0.051089  -0.060708  -0.076204   0.018239   0.046036   0.008550  -0.002718 
