 -0.012791   0.178396   0.159229   0.022345   0.000000   0.033232   0.000000   0.000000   0.000000   0.000000   0.000000   0.000000 
 -0.108035   0.172953   0.242229   0.069213   0.000000   0.064515  -0.095244  -0.005443   0.083000   0.046868   0.000000   0.031283 
 -0.104075   0.101471   0.314770   0.146505   0.000000   0.062166   0.003960  -0.071482   0.072541   0.077292   0.000000  -0.002349 
 -0.106088   0.090961   0.329619   0.157506   0.000000   0.063369  -0.002013  -0.010510   0.014849   0.011001   0.000000   0.001203 
  0.050224   0.212585   0.192296   0.020283   0.000000   0.039248   0.156312   0.121624  -0.137323  -0.137223   0.000000  -0.024121 
  0.110596   0.155723   0.165810   0.016501   0.000000   0.000000   0.060372  -0.056862  -0.026486  -0.003782   0.000000  -0.039248 
 -0.187588   0.117801   0.336566   0.131265  -0.037586   0.062567  -0.298184  -0.037922   0.170756   0.114764  -0.037586   0.062567 
 -0.232291   0.115483   0.380193   0.130119  -0.067036   0.065145  -0.044703  -0.002318   0.043627  -0.001146  -0.029450   0.002578 
 -0.229076   0.133881   0.354600   0.115909  -0.065546   0.059129   0.003215   0.018398  -0.025593  -0.014210   0.001490  -0.006016 
  0.028360   0.126767   0.200929   0.000000  -0.030653  -0.040565   0.257436  -0.007114  -0.153671  -0.115909   0.034893  -0.099694 
 -0.130159   0.024289   0.299675   0.070818  -0.072135  -0.030539  -0.158519  -0.102478   0.098746   0.070818  -0.041482   0.010026 
 -0.224939   0.082798   0.229378   0.046753  -0.060562   0.000000  -0.094780   0.058509  -0.070297  -0.024065   0.011573   0.030539 
 -0.132333  -0.022145   0.362658   0.096372  -0.084225  -0.034607   0.092606  -0.104943   0.133280   0.049619  -0.023663  -0.034607 
  0.004249   0.154570   0.189431  -0.039018  -0.070073  -0.041253   0.136582   0.176715  -0.173227  -0.135390   0.014152  -0.006646 
  0.023977   0.077534   0.250833   0.033805  -0.036612  -0.042513   0.019728  -0.077036   0.061402   0.072823   0.033461  -0.001260 
 -0.218464   0.038747   0.327106   0.104679  -0.060103   0.000000  -0.242441  -0.038787   0.076273   0.070874  -0.023491   0.042513 
 -0.094976   0.020931   0.376864   0.083365  -0.079068  -0.038102   0.123488  -0.017816   0.049758  -0.021314  -0.018965  -0.038102 
 -0.053034   0.255865   0.152427  -0.054775  -0.041138   0.000000   0.041942   0.234934  -0.224437  -0.138140   0.037930   0.038102 
 -0.226567   0.070965   0.257651   0.049561  -0.060218   0.000000  -0.173533  -0.184900   0.105224   0.104336  -0.019080   0.000000 
 -0.171474   0.077875   0.242807   0.047384  -0.051738   0.000000   0.055093   0.006910  -0.014844  -0.002177   0.008480   0.000000 
  0.087245   0.116049   0.171123   0.000000   0.000000  -0.052139   0.258719   0.038174  -0.071684  -0.047384   0.051738  -0.052139 
 -0.009994   0.036350   0.268797   0.047097  -0.036784  -0.058671  -0.097239  -0.079699   0.097674   0.047097  -0.036784  -0.006532 
 -0.221866   0.069482   0.270576   0.056837  -0.056780   0.000000  -0.211872   0.033132   0.001779   0.009740  -0.019996   0.058671 
 -0.076148   0.030591   0.262534   0.034148  -0.065489  -0.047555   0.145718  -0.038891  -0.008042  -0.022689  -0.008709  -0.047555 
  0.119301   0.116877   0.157797   0.000000   0.000000  -0.053686   0.195449   0.086286  -0.104737  -0.034148   0.065489  -0.006131 
 -0.036210   0.097447   0.243782   0.034549  -0.032315  -0.033346  -0.155511  -0.019430   0.085985   0.034549  -0.032315   0.020340 
 -0.228412   0.158534   0.257556   0.051337  -0.048759   0.036440  -0.192202   0.061087   0.013774   0.016788  -0.016444   0.069786 
 -0.368419   0.270071   0.317941   0.059187  -0.080672   0.109435  -0.140007   0.111537   0.060385   0.007850  -0.031913   0.072995 
  0.030219   0.137188   0.201976   0.001891  -0.033690  -0.030711   0.398638  -0.132883  -0.115965  -0.057296   0.046982  -0.140146 
 -0.092662   0.073325   0.360512   0.105883  -0.044175   0.000000  -0.122881  -0.063863   0.158536   0.103992  -0.010485   0.030711 
 -0.230348   0.080319   0.294828   0.067494  -0.066463   0.000000  -0.137686   0.006994  -0.065684  -0.038389  -0.022288   0.000000 
 -0.212252   0.017024   0.441433   0.131608  -0.092934   0.000000   0.018096  -0.063295   0.146605   0.064114  -0.026471   0.000000 
 -0.056930   0.097368   0.352266   0.093793  -0.044175   0.000000   0.155322   0.080344  -0.089167  -0.037815   0.048759   0.000000 
 -0.098157   0.000574   0.353605   0.109893  -0.068698  -0.028762  -0.041227  -0.096794   0.001339   0.016100  -0.024523  -0.028762 
 -0.290669   0.061306   0.339399   0.072766  -0.100268   0.000000  -0.192512   0.060732  -0.014206  -0.037127  -0.031570   0.028762 
 -0.291497   0.153870   0.320090   0.064229  -0.085199   0.035638  -0.000828   0.092564  -0.019309  -0.008537   0.015069   0.035638 
 -0.045035   0.165392   0.234979   0.033461  -0.034893   0.000000   0.246462   0.011522  -0.085111  -0.030768   0.050306  -0.035638 
 -0.181032   0.041206   0.362046   0.115623  -0.075057   0.000000  -0.135997  -0.124186   0.127067   0.082162  -0.040164   0.000000 
 -0.297508   0.066797   0.348916   0.075516  -0.104164   0.000000  -0.116476   0.025591  -0.013130  -0.040107  -0.029107   0.000000 
 -0.191480   0.061432   0.419418   0.113675  -0.083996   0.000000   0.106028  -0.005365   0.070502   0.038159   0.020168   0.000000 
  0.015294   0.140602   0.227861   0.000000  -0.048014  -0.046238   0.206774   0.079170  -0.191557  -0.113675   0.035982  -0.046238 
 -0.157544   0.028070   0.397582   0.101585  -0.085714  -0.031742  -0.172838  -0.112532   0.169721   0.101585  -0.037700   0.014496 
 -0.306654   0.079555   0.407858   0.136307  -0.074771   0.032487  -0.149110   0.051485   0.010276   0.034722   0.010943   0.064229 
 -0.110851   0.087315   0.340368   0.031856  -0.088980  -0.052655   0.195803   0.007760  -0.067490  -0.104451  -0.014209  -0.085142 
 -0.029564   0.107932   0.276935   0.000000  -0.076490  -0.070588   0.081287   0.020617  -0.063433  -0.031856   0.012490  -0.017933 
 -0.271943   0.169524   0.308705   0.038216  -0.069271   0.000000  -0.242379   0.061592   0.031770   0.038216   0.007219   0.070588 
 -0.231221   0.188110   0.276160   0.023835  -0.053285   0.000000   0.040722   0.018586  -0.032545  -0.014381   0.015986   0.000000 
 -0.130524   0.130234   0.352623   0.028018  -0.087548  -0.037300   0.100697  -0.057876   0.076463   0.004183  -0.034263  -0.037300 
  0.038531   0.161880   0.210004  -0.032945  -0.056035  -0.066177   0.169055   0.031646  -0.142619  -0.060963   0.031513  -0.028877 
 -0.249243   0.177961   0.294716   0.027617  -0.069041   0.000000  -0.287774   0.016081   0.084712   0.060562  -0.013006   0.066177 
 -0.237459   0.159449   0.303131   0.039190  -0.060218   0.000000   0.011784  -0.018512   0.008415   0.011573   0.008823   0.000000 
 -0.111665   0.104613   0.334474   0.000000  -0.100497  -0.069385   0.125794  -0.054836   0.031343  -0.039190  -0.040279  -0.069385 
  0.040197   0.178076   0.219653  -0.042112  -0.059416  -0.069844   0.151862   0.073463  -0.114821  -0.042112   0.041081  -0.000459 
 -0.229484   0.207773   0.231080   0.000000  -0.057697   0.000000  -0.269681   0.029697   0.011427   0.042112   0.001719   0.069844 
 -0.241439   0.162068   0.299399   0.040508  -0.062109   0.000000  -0.011955  -0.045705   0.068319   0.040508  -0.004412   0.000000 
 -0.241822   0.216237   0.293004   0.000000  -0.084397   0.000000  -0.000383   0.054169  -0.006395  -0.040508  -0.022288   0.000000 
  0.022109   0.249336   0.165094  -0.087261  -0.061249  -0.060504   0.263931   0.033099  -0.127910  -0.087261   0.023148  -0.060504 
 -0.127438   0.202152   0.220437  -0.052827  -0.087777  -0.055921  -0.149547  -0.047184   0.055343   0.034434  -0.026528   0.004583 
 -0.314780   0.240069   0.291705  -0.018449  -0.101528   0.000000  -0.187342   0.037917   0.071268   0.034378  -0.013751   0.055921 
 -0.251666   0.272015   0.250192  -0.031341  -0.078954   0.000000   0.063114   0.031946  -0.041513  -0.012892   0.022574   0.000000 
 -0.026522   0.267654   0.165812  -0.102273  -0.078209  -0.062452   0.225144  -0.004361  -0.084380  -0.070932   0.000745  -0.062452 
 -0.221070   0.264768   0.222498  -0.033633  -0.072766   0.000000  -0.194548  -0.002886   0.056686   0.068640   0.005443   0.062452 
 -0.304940   0.261342   0.230817  -0.037300  -0.083938   0.000000  -0.083870  -0.003426   0.008319  -0.003667  -0.011172   0.000000 
 -0.296271   0.222379   0.340197   0.000000  -0.104508   0.000000   0.008669  -0.038963   0.109380   0.037300  -0.020570   0.000000 
 -0.011618   0.282042   0.167130  -0.110524  -0.086631  -0.059759   0.284653   0.059663  -0.173067  -0.110524   0.017877  -0.059759 
 -0.104082   0.257458   0.198421  -0.079240  -0.088980  -0.047670  -0.092464  -0.024584   0.031291   0.031284  -0.002349   0.012089 
 -0.371933   0.360960   0.224683  -0.052769  -0.086631   0.040623  -0.267851   0.103502   0.026262   0.026471   0.002349   0.088293 
 -0.372443   0.367507   0.286081  -0.054087  -0.114362   0.042112  -0.000510   0.006547   0.061398  -0.001318  -0.027731   0.001489 
 -0.154113   0.441703   0.147381  -0.151719  -0.095283   0.000000   0.218330   0.074196  -0.138700  -0.097632   0.019079  -0.042112 
 -0.230067   0.411876   0.178979  -0.134588  -0.123014   0.000000  -0.075954  -0.029827   0.031598   0.017131  -0.027731   0.000000 
 -0.422979   0.424517   0.210978  -0.093392  -0.107487   0.055921  -0.192912   0.012641   0.031999   0.041196   0.015527   0.055921 
 -0.422212   0.433157   0.267069  -0.092189  -0.131207   0.060676   0.000767   0.008640   0.056091   0.001203  -0.023720   0.004755 
 -0.182168   0.430147   0.191647  -0.138828  -0.107945   0.000000   0.240044  -0.003010  -0.075422  -0.046639   0.023262  -0.060676 
 -0.161457   0.436858   0.146049  -0.144729  -0.096773   0.000000   0.020711   0.006711  -0.045598  -0.005901   0.011172   0.000000 
 -0.414909   0.409354   0.210139  -0.087090  -0.105138   0.051108  -0.253452  -0.027504   0.064090   0.057639  -0.008365   0.051108 
 -0.461592   0.411831   0.278307  -0.096085  -0.148625   0.051051  -0.046683   0.002477   0.068168  -0.008995  -0.043487  -0.000057 
 -0.333107   0.438295   0.245523  -0.123301  -0.144557   0.030023   0.128485   0.026464  -0.032784  -0.027216   0.004068  -0.021028 
 -0.181518   0.448898   0.129238  -0.169252  -0.116368   0.000000   0.151589   0.010603  -0.116285  -0.045951   0.028189  -0.030023 
 -0.455769   0.399024   0.242991  -0.092074  -0.141692   0.045493  -0.274251  -0.049874   0.113753   0.077178  -0.025324   0.045493 
 -0.447231   0.382891   0.261553  -0.077177  -0.131608   0.050306   0.008538  -0.016133   0.018562   0.014897   0.010084   0.004813 
 -0.329873   0.394917   0.277037  -0.126566  -0.169596   0.000000   0.117358   0.012026   0.015484  -0.049389  -0.037988  -0.050306 
 -0.252443   0.464627   0.174895  -0.175955  -0.148167   0.000000   0.077430   0.069710  -0.102142  -0.049389   0.021429   0.000000 
 -0.520536   0.448092   0.273251  -0.117399  -0.176987   0.051509  -0.268093  -0.016535   0.098356   0.058556  -0.028820   0.051509 
 -0.589100   0.432841   0.366570  -0.113446  -0.224428   0.048186  -0.068564  -0.015251   0.093319   0.003953  -0.047441  -0.003323 
 -0.487767   0.459982   0.362623  -0.123358  -0.210161   0.044347   0.101333   0.027141  -0.003947  -0.009912   0.014267  -0.003839 
 -0.301566   0.487857   0.212271  -0.197269  -0.179909   0.000000   0.186201   0.027875  -0.150352  -0.073911   0.030252  -0.044347 
 -0.518566   0.425744   0.349354  -0.087605  -0.183232   0.054660  -0.217000  -0.062113   0.137083   0.109664  -0.003323   0.054660 
 -0.537655   0.441004   0.347455  -0.097575  -0.182602   0.068698  -0.019089   0.015260  -0.001899  -0.009970   0.000630   0.014038 
 -0.361309   0.528253   0.259783  -0.177846  -0.179107   0.040623   0.176346   0.087249  -0.087672  -0.080271   0.003495  -0.028075 
 -0.182105   0.661188   0.171904  -0.241502  -0.094825   0.036096   0.179204   0.132935  -0.087879  -0.063656   0.084282  -0.004527 
 -0.358145   0.552914   0.301993  -0.151662  -0.132926   0.046524  -0.176040  -0.108274   0.130089   0.089840  -0.038101   0.010428 
 -0.506974   0.552230   0.385579  -0.092934  -0.152980   0.092304  -0.148829  -0.000684   0.083586   0.058728  -0.020054   0.045780 
 -0.519069   0.514212   0.426103  -0.085657  -0.181628   0.091501  -0.012095  -0.038018   0.040524   0.007277  -0.028648  -0.000803 
 -0.388673   0.522641   0.346450  -0.143239  -0.191654   0.046811   0.130396   0.008429  -0.079653  -0.057582  -0.010026  -0.044690 
 -0.266866   0.510156   0.273021  -0.150631  -0.165069   0.032601   0.121807  -0.012485  -0.073429  -0.007392   0.026585  -0.014210 
 -0.490178   0.491893   0.339130  -0.116883  -0.185925   0.068812  -0.223312  -0.018263   0.066109   0.033748  -0.020856   0.036211 
 -0.525390   0.481822   0.412851  -0.111784  -0.221391   0.067781  -0.035212  -0.010071   0.073721   0.005099  -0.035466  -0.001031 
 -0.406613   0.466798   0.398088  -0.122097  -0.210390   0.035294   0.118777  -0.015024  -0.014763  -0.010313   0.011001  -0.032487 
 -0.240461   0.504303   0.281924  -0.178018  -0.187128   0.000000   0.166152   0.037505  -0.116164  -0.055921   0.023262  -0.035294 
 -0.546474   0.532794   0.355106  -0.145818  -0.224141   0.056207  -0.306013   0.028491   0.073182   0.032200  -0.037013   0.056207 
 -0.628027   0.501100   0.385412  -0.166960  -0.261727   0.047498  -0.081553  -0.031694   0.030306  -0.021142  -0.037586  -0.008709 
 -0.647264   0.543130   0.404626  -0.152693  -0.261383   0.066119  -0.019237   0.042030   0.019214   0.014267   0.000344   0.018621 
 -0.430686   0.621952   0.262621  -0.223740  -0.207411   0.038388   0.216578   0.078822  -0.142005  -0.071047   0.053972  -0.027731 
 -0.484930   0.593028   0.295863  -0.214057  -0.241043   0.033518  -0.054244  -0.028924   0.033242   0.009683  -0.033632  -0.004870 
 -0.670135   0.561579   0.364325  -0.179565  -0.265394   0.051681  -0.185205  -0.031449   0.068462   0.034492  -0.024351   0.018163 
 -0.638309   0.501284   0.401803  -0.164840  -0.264134   0.049332   0.031826  -0.060295   0.037478   0.014725   0.001260  -0.002349 
 -0.517865   0.636246   0.271160  -0.245169  -0.240585   0.041826   0.120444   0.134962  -0.130643  -0.080329   0.023549  -0.007506 
 -0.455129   0.605481   0.240962  -0.240241  -0.233308   0.030940   0.062736  -0.030765  -0.030198   0.004928   0.007277  -0.010886 
 -0.661823   0.542729   0.346589  -0.186498  -0.265222   0.050764  -0.206694  -0.062752   0.105627   0.053743  -0.031914   0.019824 
 -0.630503   0.544489   0.395087  -0.164668  -0.262529   0.063083   0.031320   0.001760   0.048498   0.021830   0.002693   0.012319 
 -0.553172   0.601494   0.300016  -0.207411  -0.237491   0.054775   0.077331   0.057005  -0.095071  -0.042743   0.025038  -0.008308 
 -0.435605   0.530455   0.283287  -0.225459  -0.261613   0.000000   0.117567  -0.071039  -0.016729  -0.018048  -0.024122  -0.054775 
 -0.668218   0.519091   0.355679  -0.163579  -0.262472   0.050134  -0.232613  -0.011364   0.072392   0.061880  -0.000859   0.050134 
 -0.666663   0.515712   0.393580  -0.151318  -0.264993   0.057410   0.001555  -0.003379   0.037901   0.012261  -0.002521   0.007276 
 -0.575633   0.575804   0.327169  -0.191024  -0.242189   0.051967   0.091030   0.060092  -0.066411  -0.039706   0.022804  -0.005443 
 -0.352731   0.580372   0.197800  -0.245341  -0.211020   0.000000   0.222902   0.004568  -0.129369  -0.054317   0.031169  -0.051967 
 -0.619494   0.537219   0.328078  -0.161230  -0.242820   0.052540  -0.266763  -0.043153   0.130278   0.084111  -0.031800   0.052540 
 -0.661450   0.506984   0.385441  -0.143927  -0.257774   0.057983  -0.041956  -0.030235   0.057363   0.017303  -0.014954   0.005443 
 -0.576487   0.589018   0.313842  -0.189592  -0.237606   0.059015   0.084963   0.082034  -0.071599  -0.045665   0.020168   0.001032 
 -0.315803   0.579467   0.182017  -0.237892  -0.200363   0.000000   0.260684  -0.009551  -0.131825  -0.048300   0.037243  -0.059015 
 -0.625446   0.572899   0.313599  -0.163923  -0.233881   0.068182  -0.309643  -0.006568   0.131582   0.073969  -0.033518   0.068182 
 -0.675275   0.569016   0.367742  -0.145818  -0.246372   0.081646  -0.049829  -0.003883   0.054143   0.018105  -0.012491   0.013464 
 -0.588239   0.616107   0.308464  -0.178419  -0.229699   0.081532   0.087036   0.047091  -0.059278  -0.032601   0.016673  -0.000114 
 -0.398010   0.637187   0.169181  -0.244023  -0.206723   0.037414   0.190229   0.021080  -0.139283  -0.065604   0.022976  -0.044118 
 -0.674446   0.591029   0.300959  -0.162777  -0.244137   0.082105  -0.276436  -0.046158   0.131778   0.081246  -0.037414   0.044691 
 -0.709382   0.590403   0.342378  -0.153266  -0.253820   0.090527  -0.034936  -0.000626   0.041419   0.009511  -0.009683   0.008422 
 -0.652270   0.619608   0.350832  -0.179508  -0.271238   0.082162   0.057112   0.029205   0.008454  -0.026242  -0.017418  -0.008365 
 -0.460520   0.624247   0.235884  -0.241330  -0.254221   0.036841   0.191750   0.004639  -0.114948  -0.061822   0.017017  -0.045321 
 -0.712916   0.561005   0.349636  -0.187701  -0.295646   0.060848  -0.252396  -0.063242   0.113752   0.053629  -0.041425   0.024007 
 -0.714006   0.566911   0.383919  -0.176815  -0.301147   0.068067  -0.001090   0.005906   0.034283   0.010886  -0.005501   0.007219 
 -0.609716   0.640960   0.312688  -0.186956  -0.243049   0.088121   0.104290   0.074049  -0.071231  -0.010141   0.058098   0.020054 
 -0.461244   0.669990   0.252692  -0.240356  -0.248950   0.053400   0.148472   0.029030  -0.059996  -0.053400  -0.005901  -0.034721 
 -0.675681   0.562587   0.326964  -0.175497  -0.265509   0.063255  -0.214437  -0.107403   0.074272   0.064859  -0.016559   0.009855 
 -0.723572   0.535566   0.373401  -0.167991  -0.287739   0.059015  -0.047891  -0.027021   0.046437   0.007506  -0.022230  -0.004240 
 -0.623123   0.645126   0.297315  -0.229641  -0.266311   0.074714   0.100449   0.109560  -0.076086  -0.061650   0.021428   0.015699 
 -0.561268   0.627586   0.305125  -0.221391  -0.273587   0.060676   0.061855  -0.017540   0.007810   0.008250  -0.007276  -0.014038 
 -0.739949   0.537411   0.415776  -0.160142  -0.298912   0.063369  -0.178681  -0.090175   0.110651   0.061249  -0.025325   0.002693 
 -0.719567   0.531514   0.412644  -0.159855  -0.297422   0.061135   0.020382  -0.005897  -0.003132   0.000287   0.001490  -0.002234 
 -0.599112   0.675136   0.287357  -0.230558  -0.252216   0.079297   0.120455   0.143622  -0.125287  -0.070703   0.045206   0.018162 
 -0.600262   0.657959   0.255523  -0.224026  -0.249122   0.074714  -0.001150  -0.017177  -0.031834   0.006532   0.003094  -0.004583 
 -0.792502   0.567747   0.389853  -0.179049  -0.306131   0.074485  -0.192240  -0.090212   0.134330   0.044977  -0.057009  -0.000229 
 -0.682935   0.531994   0.404327  -0.168965  -0.288885   0.062281   0.109567  -0.035753   0.014474   0.010084   0.017246  -0.012204 
 -0.538306   0.649819   0.296922  -0.242132  -0.275421   0.054660   0.144629   0.117825  -0.107405  -0.073167   0.013464  -0.007621 
 -0.696094   0.612929   0.278167  -0.206437  -0.267629   0.073740  -0.157788  -0.036890  -0.018755   0.035695   0.007792   0.019080 
 -0.728233   0.555618   0.397092  -0.169710  -0.300001   0.069385  -0.032139  -0.057311   0.118925   0.036727  -0.032372  -0.004355 
 -0.572552   0.642278   0.307331  -0.232907  -0.275994   0.059244   0.155681   0.086660  -0.089761  -0.063197   0.024007  -0.010141 
 -0.564291   0.691024   0.234478  -0.232506  -0.242247   0.088923   0.008261   0.048746  -0.072853   0.000401   0.033747   0.029679 
 -0.787190   0.569949   0.390321  -0.168106  -0.298511   0.082105  -0.222899  -0.121075   0.155843   0.064400  -0.056264  -0.006818 
 -0.783773   0.614126   0.431689  -0.160829  -0.306647   0.106742   0.003417   0.044177   0.041368   0.007277  -0.008136   0.024637 
 -0.575354   0.687514   0.306023  -0.244825  -0.287109   0.072536   0.208419   0.073388  -0.125666  -0.083996   0.019538  -0.034206 
 -0.662309   0.686505   0.260065  -0.211651  -0.252044   0.102216  -0.086955  -0.001009  -0.045958   0.033174   0.035065   0.029680 
 -0.768614   0.564517   0.397228  -0.157220  -0.288713   0.080787  -0.106305  -0.121988   0.137163   0.054431  -0.036669  -0.021429 
 -0.774345   0.604249   0.404606  -0.159913  -0.294901   0.108003  -0.005731   0.039732   0.007378  -0.002693  -0.006188   0.027216 
 -0.621454   0.684606   0.324756  -0.208671  -0.276567   0.099408   0.152891   0.080357  -0.079850  -0.048758   0.018334  -0.008595 
 -0.615254   0.691793   0.262812  -0.198874  -0.237892   0.107372   0.006200   0.007187  -0.061944   0.009797   0.038675   0.007964 
 -0.753164   0.571075   0.377629  -0.153954  -0.277312   0.091501  -0.137910  -0.120718   0.114817   0.044920  -0.039420  -0.015871 
 -0.765368   0.610883   0.434796  -0.141406  -0.291636   0.120722  -0.012204   0.039808   0.057167   0.012548  -0.014324   0.029221 
 -0.665542   0.625463   0.389452  -0.139630  -0.243908   0.119233   0.099826   0.014580  -0.045344   0.001776   0.047728  -0.001489 
 -0.463930   0.573732   0.374505  -0.157506  -0.247117   0.057869   0.201612  -0.051731  -0.014947  -0.017876  -0.003209  -0.061364 
 -0.682624   0.671653   0.329276  -0.146677  -0.230616   0.127369  -0.218694   0.097921  -0.045229   0.010829   0.016501   0.069500 
 -0.792790   0.600560   0.486832  -0.097231  -0.274791   0.140833  -0.110166  -0.071093   0.157556   0.049446  -0.044175   0.013464 
 -0.724598   0.584213   0.483602  -0.107143  -0.272843   0.125822   0.068192  -0.016347  -0.003230  -0.009912   0.001948  -0.015011 
 -0.499061   0.579110   0.395039  -0.150287  -0.246544   0.064916   0.225537  -0.005103  -0.088563  -0.043144   0.026299  -0.060906 
 -0.720513   0.573065   0.433698  -0.120035  -0.274275   0.112300  -0.221452  -0.006045   0.038659   0.030252  -0.027731   0.047384 
 -0.777580   0.513168   0.516844  -0.090241  -0.295990   0.094538  -0.057067  -0.059897   0.083146   0.029794  -0.021715  -0.017762 
 -0.692765   0.603536   0.433788  -0.121238  -0.251528   0.113732   0.084815   0.090368  -0.083056  -0.030997   0.044462   0.019194 
 -0.562381   0.645982   0.378500  -0.184951  -0.275650   0.070875   0.130384   0.042446  -0.055288  -0.063713  -0.024122  -0.042857 
 -0.756569   0.551159   0.474859  -0.105768  -0.286307   0.099580  -0.194188  -0.094823   0.096359   0.079183  -0.010657   0.028705 
 -0.749678   0.510361   0.495521  -0.104794  -0.293297   0.081303   0.006891  -0.040798   0.020662   0.000974  -0.006990  -0.018277 
 -0.748071   0.562132   0.501559  -0.106799  -0.294328   0.092189   0.001607   0.051771   0.006038  -0.002005  -0.001031   0.010886 
 -0.565459   0.636377   0.319250  -0.187357  -0.239897   0.070187   0.182612   0.074245  -0.182309  -0.080558   0.054431  -0.022002 
 -0.695273   0.532227   0.398290  -0.139171  -0.273874   0.061421  -0.129814  -0.104150   0.079040   0.048186  -0.033977  -0.008766 
 -0.775450   0.481056   0.494820  -0.120837  -0.311976   0.058098  -0.080177  -0.051171   0.096530   0.018334  -0.038102  -0.003323 
 -0.690990   0.492255   0.442081  -0.117800  -0.272843   0.052884   0.084460   0.011199  -0.052739   0.003037   0.039133  -0.005214 
 -0.582068   0.587368   0.374023  -0.195894  -0.276624   0.043373   0.108922   0.095113  -0.068058  -0.078094  -0.003781  -0.009511 
 -0.644090   0.511469   0.392460  -0.150058  -0.268545   0.040795  -0.062022  -0.075899   0.018437   0.045836   0.008079  -0.002578 
